AA,AP,AE,ASucc%,AP/S,BAA,BAP,BAE,BASucc%,BP,BP/S,SVA,SVP,SVE,SVx,SVEff%,RA,Rx,Rg,RSucc%,MatchNo.,Date,Year,Month,Day,Place,Venue,Team,Op.Team,Director,Coach,Win Set,Lose Set,Total Set,Win Lose,Get Point,Lose Point,Game Time,Start Time,End Time,Spectators,Jury,Chief Umpire,Sub Umpire,Judgeman,Home Away,OpAA,OpAP,OpAE,OpASucc%,OpAP/S,OpBAA,OpBAP,OpBAE,OpBASucc%,OpBP,OpBP/S,OpSVA,OpSVP,OpSVE,OpSVx,OpSVEff%,OpRA,OpRx,OpRg,OpRSucc%,Game time
115,44,9,38.3,14.67,19,9,3,47.4,6,2.00,74,3,5,18,9.9,46,38.0,0.0,82.6,501,2010-11-27,2010,11,27,,リージョンプラザ上越,東レアローズ,パイオニアレッドウィングス,菅野幸一郎,福田康弘,3,0,3,Win,75,53,71,14:00,15:17,3300,,富田満,三見洋子,今井尚文,Home,117,33,13,28.2,11.00,17,5,1,29.4,3,1.00,54,1,8,7,4.7,66,47.0,0.0,71.2,
117,33,13,28.2,11.00,17,5,1,29.4,3,1.00,54,1,8,7,4.7,66,47.0,0.0,71.2,501,2010-11-27,2010,11,27,,リージョンプラザ上越,パイオニアレッドウィングス,東レアローズ,宮下直樹,佐藤浩明,0,3,3,Lose,53,75,,14:00,15:17,3300,,富田満,三見洋子,今井尚文,Away,115,44,9,38.3,14.67,19,9,3,47.4,6,2.00,74,3,5,18,9.9,46,38.0,0.0,82.6,71
168,50,9,29.8,16.67,0,0,0,-,9,3.00,75,0,5,18,6.0,76,53.0,0.0,69.7,502,2010-11-27,2010,11,27,,リージョンプラザ上越,岡山シーガルズ,NECレッドロケッツ,河本昭義,吉田啓佑,0,3,3,Lose,74,85,91,16:00,17:37,3400,,村上成司,高野淳志,島田和彦,Home,158,53,8,33.5,17.67,16,2,1,12.5,11,3.67,84,3,6,22,9.9,70,52.0,0.0,74.3,
158,53,8,33.5,17.67,16,2,1,12.5,11,3.67,84,3,6,22,9.9,70,52.0,0.0,74.3,502,2010-11-27,2010,11,27,,リージョンプラザ上越,NECレッドロケッツ,岡山シーガルズ,山田晃豊,大村悟,3,0,3,Win,85,74,,16:00,17:37,3400,,村上成司,高野淳志,島田和彦,Away,168,50,9,29.8,16.67,0,0,0,-,9,3.00,75,0,5,18,6.0,76,53.0,0.0,69.7,91
157,67,15,42.7,16.75,15,9,3,60.0,5,1.25,85,0,9,20,5.9,87,76.0,0.0,87.4,503,2010-11-27,2010,11,27,,神戸総合運動公園体育館（グリーンアリーナ神戸）,デンソーエアリービーズ,JTマーヴェラス,達川実,辻健志,3,1,4,Win,86,91,94,13:00,14:43,2200,,山本和良,北村友香,岡田靖夫,Home,153,57,7,37.3,14.25,21,7,1,33.3,5,1.25,92,2,5,9,4.2,76,56.0,0.0,73.7,
153,57,7,37.3,14.25,21,7,1,33.3,5,1.25,92,2,5,9,4.2,76,56.0,0.0,73.7,503,2010-11-27,2010,11,27,,神戸総合運動公園体育館（グリーンアリーナ神戸）,JTマーヴェラス,デンソーエアリービーズ,石原昭久,尾崎侯,1,3,4,Lose,91,86,,13:00,14:43,2200,,山本和良,北村友香,岡田靖夫,Away,157,67,15,42.7,16.75,15,9,3,60.0,5,1.25,85,0,9,20,5.9,87,76.0,0.0,87.4,94
212,73,12,34.4,14.60,33,14,4,42.4,18,3.60,108,0,9,24,5.6,88,59.0,0.0,67.0,504,2010-11-27,2010,11,27,,神戸総合運動公園体育館（グリーンアリーナ神戸）,久光製薬スプリングス,トヨタ車体クインシーズ,大東雅史,野中俊英,3,2,5,Win,109,96,121,15:25,17:38,2200,,江下毅,田野敏彦,山本順一,Home,195,65,7,33.3,13.00,18,4,1,22.2,6,1.20,97,3,8,27,9.6,99,75.0,0.0,75.8,
195,65,7,33.3,13.00,18,4,1,22.2,6,1.20,97,3,8,27,9.6,99,75.0,0.0,75.8,504,2010-11-27,2010,11,27,,神戸総合運動公園体育館（グリーンアリーナ神戸）,トヨタ車体クインシーズ,久光製薬スプリングス,葛和伸元,高橋悠,2,3,5,Lose,96,109,,15:25,17:38,2200,,江下毅,田野敏彦,山本順一,Away,212,73,12,34.4,14.60,33,14,4,42.4,18,3.60,108,0,9,24,5.6,88,59.0,0.0,67.0,121
171,59,7,34.5,19.67,27,9,2,33.3,9,3.00,83,4,9,22,10.7,71,58.0,0.0,81.7,505,2010-11-28,2010,11,28,,長岡市市民体育館,東レアローズ,岡山シーガルズ,菅野幸一郎,福田康弘,3,0,3,Win,84,76,92,13:00,14:38,2200,,村上成司,富田満,今井尚文,Home,153,48,3,31.4,16.00,4,0,0,0.0,7,2.33,77,3,5,11,6.9,73,48.0,0.0,65.8,
153,48,3,31.4,16.00,4,0,0,0.0,7,2.33,77,3,5,11,6.9,73,48.0,0.0,65.8,505,2010-11-28,2010,11,28,,長岡市市民体育館,岡山シーガルズ,東レアローズ,河本昭義,吉田啓祐,0,3,3,Lose,76,84,,13:00,14:38,2200,,村上成司,富田満,今井尚文,Away,171,59,7,34.5,19.67,27,9,2,33.3,9,3.00,83,4,9,22,10.7,71,58.0,0.0,81.7,92
113,37,13,32.7,12.33,14,6,0,42.9,7,2.33,63,2,7,20,10.5,61,38.0,0.0,62.3,506,2010-11-28,2010,11,28,,長岡市市民体育館,パイオニアレッドウィングス,NECレッドロケッツ,宮下直樹,佐藤浩明,0,3,3,Lose,61,75,80,15:21,16:47,2200,,三見洋子,高野淳志,鷲尾正吾,Home,107,45,4,42.1,15.00,15,5,1,33.3,5,1.67,73,3,10,22,11.4,56,34.0,0.0,60.7,
107,45,4,42.1,15.00,15,5,1,33.3,5,1.67,73,3,10,22,11.4,56,34.0,0.0,60.7,506,2010-11-28,2010,11,28,,長岡市市民体育館,NECレッドロケッツ,パイオニアレッドウィングス,山田晃豊,大村悟,3,0,3,Win,75,61,,15:21,16:47,2200,,三見洋子,高野淳志,鷲尾正吾,Away,113,37,13,32.7,12.33,14,6,0,42.9,7,2.33,63,2,7,20,10.5,61,38.0,0.0,62.3,80
143,46,10,32.2,15.33,8,4,1,50.0,6,2.00,66,1,6,11,5.7,69,49.0,0.0,71.0,507,2010-11-28,2010,11,28,,加古川市立総合体育館,JTマーヴェラス,トヨタ車体クインシーズ,石原昭久,尾崎侯,0,3,3,Lose,64,76,82,13:05,14:33,2200,,北村友香,山本和良,山本順一,Home,127,51,5,40.2,17.00,12,3,1,25.0,7,2.33,74,0,5,20,6.8,59,48.0,0.0,81.4,
127,51,5,40.2,17.00,12,3,1,25.0,7,2.33,74,0,5,20,6.8,59,48.0,0.0,81.4,507,2010-11-28,2010,11,28,,加古川市立総合体育館,トヨタ車体クインシーズ,JTマーヴェラス,葛和伸元,高橋悠,3,0,3,Win,76,64,,13:05,14:33,2200,,北村友香,山本和良,山本順一,Away,143,46,10,32.2,15.33,8,4,1,50.0,6,2.00,66,1,6,11,5.7,69,49.0,0.0,71.0,82
173,67,10,38.7,13.40,23,7,0,30.4,12,2.40,111,4,12,17,7.1,92,70.0,0.0,76.1,508,2010-11-28,2010,11,28,,加古川市立総合体育館,久光製薬スプリングス,デンソーエアリービーズ,大東雅史,野中俊英,3,2,5,Win,111,104,118,15:05,17:15,2200,,田野敏彦,江下毅,馬場英昭,Home,183,66,16,36.1,13.20,12,7,3,58.3,10,2.00,104,4,11,19,7.8,97,78.0,0.0,80.4,
183,66,16,36.1,13.20,12,7,3,58.3,10,2.00,104,4,11,19,7.8,97,78.0,0.0,80.4,508,2010-11-28,2010,11,28,,加古川市立総合体育館,デンソーエアリービーズ,久光製薬スプリングス,達川実,辻健志,2,3,5,Lose,104,111,,15:05,17:15,2200,,田野敏彦,江下毅,馬場英昭,Away,173,67,10,38.7,13.40,23,7,0,30.4,12,2.40,111,4,12,17,7.1,92,70.0,0.0,76.1,118
189,62,15,32.8,12.40,15,7,0,46.7,14,2.80,104,4,6,33,11.2,86,58.0,0.0,67.4,509,2010-12-04,2010,12,04,,豊田市総合体育館(スカイホール豊田),デンソーエアリービーズ,岡山シーガルズ,達川実,辻健志,3,2,5,Win,105,95,116,14:00,16:08,1640,,勝又正,高橋弘二,田中栄二,Home,190,55,11,28.9,11.00,0,0,0,-,13,2.60,96,2,9,27,8.9,97,61.0,0.0,62.9,
190,55,11,28.9,11.00,0,0,0,-,13,2.60,96,2,9,27,8.9,97,61.0,0.0,62.9,509,2010-12-04,2010,12,04,,豊田市総合体育館(スカイホール豊田),岡山シーガルズ,デンソーエアリービーズ,河本昭義,吉田啓佑,2,3,5,Lose,95,105,,14:00,16:08,1640,,勝又正,高橋弘二,田中栄二,Away,189,62,15,32.8,12.40,15,7,0,46.7,14,2.80,104,4,6,33,11.2,86,58.0,0.0,67.4,116
108,30,7,27.8,10.00,10,3,1,30.0,4,1.33,49,2,3,9,8.3,69,36.0,0.0,52.2,510,2010-12-04,2010,12,04,,豊田市総合体育館(スカイホール豊田),トヨタ車体クインシーズ,東レアローズ,葛和伸元,高橋悠,0,3,3,Lose,47,75,67,16:50,18:03,1550,,明井寿枝,江下毅,田中栄二,Home,116,44,6,37.9,14.67,22,7,1,31.8,11,3.67,73,6,3,28,16.4,45,35.0,0.0,77.8,
116,44,6,37.9,14.67,22,7,1,31.8,11,3.67,73,6,3,28,16.4,45,35.0,0.0,77.8,510,2010-12-04,2010,12,04,,豊田市総合体育館(スカイホール豊田),東レアローズ,トヨタ車体クインシーズ,菅野幸一郎,福田康弘,3,0,3,Win,75,47,,16:50,18:03,1550,,明井寿枝,江下毅,田中栄二,Away,108,30,7,27.8,10.00,10,3,1,30.0,4,1.33,49,2,3,9,8.3,69,36.0,0.0,52.2,67
108,50,6,46.3,16.67,20,9,3,45.0,7,2.33,74,1,4,22,8.5,56,35.0,0.0,62.5,511,2010-12-04,2010,12,04,,佐賀県総合体育館,JTマーヴェラス,パイオニアレッドウィングス,石原昭久,尾崎侯,3,0,3,Win,75,65,75,14:00,15:21,2162,,小野将人,溝口正勝,池田勝,Home,107,44,6,41.1,14.67,14,8,1,57.1,6,2.00,66,3,8,20,11.8,70,47.0,0.0,67.1,
107,44,6,41.1,14.67,14,8,1,57.1,6,2.00,66,3,8,20,11.8,70,47.0,0.0,67.1,511,2010-12-04,2010,12,04,,佐賀県総合体育館,パイオニアレッドウィングス,JTマーヴェラス,宮下直樹,佐藤浩明,0,3,3,Lose,65,75,,14:00,15:21,2162,,小野将人,溝口正勝,池田勝,Away,108,50,6,46.3,16.67,20,9,3,45.0,7,2.33,74,1,4,22,8.5,56,35.0,0.0,62.5,75
147,56,10,38.1,14.00,16,7,3,43.8,7,1.75,94,4,8,28,11.1,90,64.0,0.0,71.1,512,2010-12-04,2010,12,04,,佐賀県総合体育館,久光製薬スプリングス,NECレッドロケッツ,大東雅史,野中俊英,1,3,4,Lose,93,101,106,16:00,17:55,2493,,田野昭彦,澤達大,野中健志,Home,152,61,14,40.1,15.25,23,8,3,34.8,14,3.50,100,5,10,21,9.2,85,54.0,0.0,63.5,
152,61,14,40.1,15.25,23,8,3,34.8,14,3.50,100,5,10,21,9.2,85,54.0,0.0,63.5,512,2010-12-04,2010,12,04,,佐賀県総合体育館,NECレッドロケッツ,久光製薬スプリングス,山田晃豊,大村悟,3,1,4,Win,101,93,,16:00,17:55,2493,,田野昭彦,澤達大,野中健志,Away,147,56,10,38.1,14.00,16,7,3,43.8,7,1.75,94,4,8,28,11.1,90,64.0,0.0,71.1,106
165,60,9,36.4,15.00,9,4,1,44.4,8,2.00,90,2,8,39,12.8,81,44.0,0.0,54.3,513,2010-12-05,2010,12,05,,豊田市総合体育館(スカイホール豊田),デンソーエアリービーズ,東レアローズ,達川実,辻健志,3,1,4,Win,91,90,99,13:00,14:48,1750,,江下毅,明井寿枝,大津聡,Home,155,53,10,34.2,13.25,16,10,0,62.5,12,3.00,91,5,7,35,14.7,81,41.0,0.0,50.6,
155,53,10,34.2,13.25,16,10,0,62.5,12,3.00,91,5,7,35,14.7,81,41.0,0.0,50.6,513,2010-12-05,2010,12,05,,豊田市総合体育館(スカイホール豊田),東レアローズ,デンソーエアリービーズ,菅野幸一郎,福田康弘,1,3,4,Lose,90,91,,13:00,14:48,1750,,江下毅,明井寿枝,大津聡,Away,165,60,9,36.4,15.00,9,4,1,44.4,8,2.00,90,2,8,39,12.8,81,44.0,0.0,54.3,99
131,61,9,46.6,20.33,9,3,1,33.3,5,1.67,80,2,5,28,10.8,68,42.0,0.0,61.8,514,2010-12-05,2010,12,05,,豊田市総合体育館(スカイホール豊田),トヨタ車体クインシーズ,岡山シーガルズ,葛和伸元,高橋悠,3,0,3,Win,82,73,88,15:35,17:09,1460,,高橋弘二,勝又正,森廣淳一,Home,133,51,6,38.3,17.00,1,0,0,0.0,3,1.00,75,2,7,24,10.1,75,45.0,0.0,60.0,
133,51,6,38.3,17.00,1,0,0,0.0,3,1.00,75,2,7,24,10.1,75,45.0,0.0,60.0,514,2010-12-05,2010,12,05,,豊田市総合体育館(スカイホール豊田),岡山シーガルズ,トヨタ車体クインシーズ,河本昭義,吉田啓佑,0,3,3,Lose,73,82,,15:35,17:09,1460,,高橋弘二,勝又正,森廣淳一,Away,131,61,9,46.6,20.33,9,3,1,33.3,5,1.67,80,2,5,28,10.8,68,42.0,0.0,61.8,88
104,46,3,44.2,15.33,9,6,1,66.7,6,2.00,75,3,8,19,9.5,52,39.0,0.0,75.0,515,2010-12-05,2010,12,05,,佐賀県総合体育館,JTマーヴェラス,NECレッドロケッツ,石原昭久,尾崎侯,3,0,3,Win,77,62,72,13:00,14:18,2000,,小野将人,瀬戸隆英,池田勝,Home,108,43,6,39.8,14.33,18,5,1,27.8,4,1.33,64,1,12,12,5.9,67,45.0,0.0,67.2,
108,43,6,39.8,14.33,18,5,1,27.8,4,1.33,64,1,12,12,5.9,67,45.0,0.0,67.2,515,2010-12-05,2010,12,05,,佐賀県総合体育館,NECレッドロケッツ,JTマーヴェラス,山田晃豊,大村悟,0,3,3,Lose,62,77,,13:00,14:18,2000,,小野将人,瀬戸隆英,池田勝,Away,104,46,3,44.2,15.33,9,6,1,66.7,6,2.00,75,3,8,19,9.5,52,39.0,0.0,75.0,72
154,61,7,39.6,12.20,26,11,1,42.3,17,3.40,108,7,14,24,11.7,88,67.0,0.0,76.1,516,2010-12-05,2010,12,05,,佐賀県総合体育館,久光製薬スプリングス,パイオニアレッドウィングス,大東雅史,野中俊英,3,2,5,Win,108,95,113,15:00,17:05,2677,,澤達大,田野昭彦,野中健志,Home,156,65,14,41.7,13.00,18,8,5,44.4,8,1.60,95,0,7,21,5.5,89,63.0,0.0,70.8,
156,65,14,41.7,13.00,18,8,5,44.4,8,1.60,95,0,7,21,5.5,89,63.0,0.0,70.8,516,2010-12-05,2010,12,05,,佐賀県総合体育館,パイオニアレッドウィングス,久光製薬スプリングス,宮下直樹,佐藤浩明,2,3,5,Lose,95,108,,15:00,17:05,2677,,澤達大,田野昭彦,野中健志,Away,154,61,7,39.6,12.20,26,11,1,42.3,17,3.40,108,7,14,24,11.7,88,67.0,0.0,76.1,113
121,53,8,43.8,17.67,6,0,2,0.0,7,2.33,74,5,2,22,13.9,58,37.0,0.0,63.8,517,2010-12-11,2010,12,11,,山形県総合運動公園総合体育館,トヨタ車体クインシーズ,パイオニアレッドウィングス,葛和伸元,高橋悠,3,0,3,Win,76,61,79,13:05,14:30,3200,,阿部広太郎,富田満,佐藤陽一,Home,111,37,5,33.3,12.33,12,2,1,16.7,8,2.67,63,3,3,20,12.4,68,45.0,0.0,66.2,
111,37,5,33.3,12.33,12,2,1,16.7,8,2.67,63,3,3,20,12.4,68,45.0,0.0,66.2,517,2010-12-11,2010,12,11,,山形県総合運動公園総合体育館,パイオニアレッドウィングス,トヨタ車体クインシーズ,宮下直樹,佐藤浩明,0,3,3,Lose,61,76,,13:05,14:30,3200,,阿部広太郎,富田満,佐藤陽一,Away,121,53,8,43.8,17.67,6,0,2,0.0,7,2.33,74,5,2,22,13.9,58,37.0,0.0,63.8,79
160,54,14,33.8,13.50,17,5,2,29.4,12,3.00,88,1,3,23,7.4,90,62.0,0.0,68.9,518,2010-12-11,2010,12,11,,山形県総合運動公園総合体育館,NECレッドロケッツ,デンソーエアリービーズ,山田晃豊,大村悟,1,3,4,Lose,87,98,101,15:10,17:00,1800,,村上成司,伊藤薫,吉田剛,Home,165,67,10,40.6,16.75,10,7,1,70.0,11,2.75,97,2,6,27,8.8,85,61.0,0.0,71.8,
165,67,10,40.6,16.75,10,7,1,70.0,11,2.75,97,2,6,27,8.8,85,61.0,0.0,71.8,518,2010-12-11,2010,12,11,,山形県総合運動公園総合体育館,デンソーエアリービーズ,NECレッドロケッツ,達川実,辻健志,3,1,4,Win,98,87,,15:10,17:00,1800,,村上成司,伊藤薫,吉田剛,Away,160,54,14,33.8,13.50,17,5,2,29.4,12,3.00,88,1,3,23,7.4,90,62.0,0.0,68.9,101
124,51,6,41.1,17.00,21,7,2,33.3,6,2.00,75,8,7,21,16.1,65,46.0,0.0,70.8,519,2010-12-11,2010,12,11,,ウカルちゃんアリーナ（滋賀県立体育館）,久光製薬スプリングス,岡山シーガルズ,大東雅史,野中俊英,3,0,3,Win,77,66,79,14:05,15:30,2655,,山本和良,佐野裕基,山本英司,Home,115,42,8,36.5,14.00,2,1,0,50.0,9,3.00,68,1,3,18,7.8,66,39.0,0.0,59.1,
115,42,8,36.5,14.00,2,1,0,50.0,9,3.00,68,1,3,18,7.8,66,39.0,0.0,59.1,519,2010-12-11,2010,12,11,,ウカルちゃんアリーナ（滋賀県立体育館）,岡山シーガルズ,久光製薬スプリングス,河本昭義,吉田啓佑,0,3,3,Lose,66,77,,14:05,15:30,2655,,山本和良,佐野裕基,山本英司,Away,124,51,6,41.1,17.00,21,7,2,33.3,6,2.00,75,8,7,21,16.1,65,46.0,0.0,70.8,79
115,42,13,36.5,14.00,15,6,2,40.0,4,1.33,65,2,7,9,6.5,65,42.0,0.0,64.6,520,2010-12-11,2010,12,11,,ウカルちゃんアリーナ（滋賀県立体育館）,JTマーヴェラス,東レアローズ,石原昭久,尾崎侯,0,3,3,Lose,63,75,71,16:05,17:22,2655,,塚本健,北村友香,山本英司,Home,106,41,6,38.7,13.67,16,6,0,37.5,8,2.67,73,4,7,20,11.5,56,47.0,0.0,83.9,
106,41,6,38.7,13.67,16,6,0,37.5,8,2.67,73,4,7,20,11.5,56,47.0,0.0,83.9,520,2010-12-11,2010,12,11,,ウカルちゃんアリーナ（滋賀県立体育館）,東レアローズ,JTマーヴェラス,菅野幸一郎,福田康弘,3,0,3,Win,75,63,,16:05,17:22,2655,,塚本健,北村友香,山本英司,Away,115,42,13,36.5,14.00,15,6,2,40.0,4,1.33,65,2,7,9,6.5,65,42.0,0.0,64.6,71
185,70,8,37.8,14.00,10,2,1,20.0,6,1.20,107,4,8,37,11.8,102,70.0,0.0,68.6,521,2010-12-12,2010,12,12,,山形県総合運動公園総合体育館,トヨタ車体クインシーズ,NECレッドロケッツ,葛和伸元,高橋悠,2,3,5,Lose,106,108,121,12:00,14:13,2200,,村上成司,伊藤薫,須貝政則,Home,197,75,15,38.1,15.00,18,3,4,16.7,12,2.40,107,0,5,32,7.5,98,58.0,0.0,59.2,
197,75,15,38.1,15.00,18,3,4,16.7,12,2.40,107,0,5,32,7.5,98,58.0,0.0,59.2,521,2010-12-12,2010,12,12,,山形県総合運動公園総合体育館,NECレッドロケッツ,トヨタ車体クインシーズ,山田晃豊,大村悟,3,2,5,Win,108,106,,12:00,14:13,2200,,村上成司,伊藤薫,須貝政則,Away,185,70,8,37.8,14.00,10,2,1,20.0,6,1.20,107,4,8,37,11.8,102,70.0,0.0,68.6,121
148,53,8,35.8,13.25,20,7,2,35.0,17,4.25,86,2,7,26,9.4,89,50.0,0.0,56.2,522,2010-12-12,2010,12,12,,山形県総合運動公園総合体育館,パイオニアレッドウィングス,デンソーエアリービーズ,宮下直樹,佐藤浩明,1,3,4,Lose,85,96,106,14:50,16:45,3700,,富田満,阿部広太郎,佐藤陽一,Home,168,66,6,39.3,16.50,7,4,0,57.1,7,1.75,95,1,5,39,11.3,79,51.0,0.0,64.6,
168,66,6,39.3,16.50,7,4,0,57.1,7,1.75,95,1,5,39,11.3,79,51.0,0.0,64.6,522,2010-12-12,2010,12,12,,山形県総合運動公園総合体育館,デンソーエアリービーズ,パイオニアレッドウィングス,達川実,辻健志,3,1,4,Win,96,85,,14:50,16:45,3700,,富田満,阿部広太郎,佐藤陽一,Away,148,53,8,35.8,13.25,20,7,2,35.0,17,4.25,86,2,7,26,9.4,89,50.0,0.0,56.2,106
191,64,9,33.5,16.00,16,5,1,31.2,8,2.00,89,1,4,25,7.9,80,70.0,0.0,87.5,523,2010-12-12,2010,12,12,,ウカルちゃんアリーナ（滋賀県立体育館）,JTマーヴェラス,岡山シーガルズ,石原昭久,尾崎侯,3,1,4,Win,90,85,100,13:05,14:54,2132,,塚本健,原啓之,椙本一孝,Home,179,65,7,36.3,16.25,3,3,0,100.0,6,1.50,86,1,6,9,3.5,85,59.0,0.0,69.4,
179,65,7,36.3,16.25,3,3,0,100.0,6,1.50,86,1,6,9,3.5,85,59.0,0.0,69.4,523,2010-12-12,2010,12,12,,ウカルちゃんアリーナ（滋賀県立体育館）,岡山シーガルズ,JTマーヴェラス,河本昭義,吉田啓佑,1,3,4,Lose,85,90,,13:05,14:54,2132,,塚本健,原啓之,椙本一孝,Away,191,64,9,33.5,16.00,16,5,1,31.2,8,2.00,89,1,4,25,7.9,80,70.0,0.0,87.5,100
177,64,9,36.2,16.00,23,9,1,39.1,5,1.25,90,1,10,18,6.1,83,64.0,0.0,77.1,524,2010-12-12,2010,12,12,,ウカルちゃんアリーナ（滋賀県立体育館）,久光製薬スプリングス,東レアローズ,大東雅史,野中俊英,1,3,4,Lose,89,98,98,15:25,17:12,2132,,北村友香,山本和良,山本英司,Home,163,62,8,38.0,15.50,33,14,1,42.4,11,2.75,97,6,11,16,9.7,79,61.0,0.0,77.2,
163,62,8,38.0,15.50,33,14,1,42.4,11,2.75,97,6,11,16,9.7,79,61.0,0.0,77.2,524,2010-12-12,2010,12,12,,ウカルちゃんアリーナ（滋賀県立体育館）,東レアローズ,久光製薬スプリングス,菅野幸一郎,福田康弘,3,1,4,Win,98,89,,15:25,17:12,2132,,北村友香,山本和良,山本英司,Away,177,64,9,36.2,16.00,23,9,1,39.1,5,1.25,90,1,10,18,6.1,83,64.0,0.0,77.1,98
184,71,11,38.6,14.20,19,7,3,36.8,18,3.60,110,3,9,34,10.3,90,65.0,0.0,72.2,525,2010-12-25,2010,12,25,,浦安市運動公園総合体育館,東レアローズ,NECレッドロケッツ,菅野幸一郎,福田康弘,3,2,5,Win,111,102,110,14:00,16:02,2100,,田野昭彦,花野井茂,藤崎多雄良,Home,181,74,5,40.9,14.80,47,18,1,38.3,7,1.40,103,1,12,25,7.0,99,64.0,0.0,64.6,
181,74,5,40.9,14.80,47,18,1,38.3,7,1.40,103,1,12,25,7.0,99,64.0,0.0,64.6,525,2010-12-25,2010,12,25,,浦安市運動公園総合体育館,NECレッドロケッツ,東レアローズ,山田晃豊,大村悟,2,3,5,Lose,102,111,,14:00,16:02,2100,,田野昭彦,花野井茂,藤崎多雄良,Away,184,71,11,38.6,14.20,19,7,3,36.8,18,3.60,110,3,9,34,10.3,90,65.0,0.0,72.2,110
143,38,8,26.6,12.67,3,0,1,0.0,4,1.33,61,1,8,19,9.1,70,48.0,0.0,68.6,526,2010-12-25,2010,12,25,,浦安市運動公園総合体育館,岡山シーガルズ,パイオニアレッドウィングス,河本昭義,吉田啓佑,0,3,3,Lose,59,75,80,16:40,18:06,2000,,村中伸,富田満,平川暁,Home,133,49,7,36.8,16.33,22,7,2,31.8,4,1.33,73,2,3,20,9.0,53,33.0,0.0,62.3,
133,49,7,36.8,16.33,22,7,2,31.8,4,1.33,73,2,3,20,9.0,53,33.0,0.0,62.3,526,2010-12-25,2010,12,25,,浦安市運動公園総合体育館,パイオニアレッドウィングス,岡山シーガルズ,宮下直樹,佐藤浩明,3,0,3,Win,75,59,,16:40,18:06,2000,,村中伸,富田満,平川暁,Away,143,38,8,26.6,12.67,3,0,1,0.0,4,1.33,61,1,8,19,9.1,70,48.0,0.0,68.6,80
96,35,6,36.5,11.67,17,4,2,23.5,6,2.00,58,2,10,23,13.4,66,30.0,0.0,45.5,527,2010-12-25,2010,12,25,,藤沢市秋葉台文化体育館,久光製薬スプリングス,JTマーヴェラス,大東雅史,野中俊英,0,3,3,Lose,57,75,68,14:00,15:14,1100,,大塚達也,澤達大,小林智子,Home,91,43,7,47.3,14.33,13,6,2,46.2,7,2.33,74,6,5,33,18.4,46,23.0,0.0,50.0,
91,43,7,47.3,14.33,13,6,2,46.2,7,2.33,74,6,5,33,18.4,46,23.0,0.0,50.0,527,2010-12-25,2010,12,25,,藤沢市秋葉台文化体育館,JTマーヴェラス,久光製薬スプリングス,石原昭久,尾崎侯,3,0,3,Win,75,57,,14:00,15:14,1100,,大塚達也,澤達大,小林智子,Away,96,35,6,36.5,11.67,17,4,2,23.5,6,2.00,58,2,10,23,13.4,66,30.0,0.0,45.5,68
118,48,7,40.7,16.00,8,7,0,87.5,7,2.33,66,3,3,23,12.3,69,44.0,0.0,63.8,528,2010-12-25,2010,12,25,,藤沢市秋葉台文化体育館,デンソーエアリービーズ,トヨタ車体クインシーズ,達川実,辻健志,0,3,3,Lose,65,75,80,16:00,17:26,1200,,勝又正,新田浩幸,渡部仁志,Home,119,56,1,47.1,18.67,3,0,0,0.0,7,2.33,74,1,4,25,9.8,63,37.0,0.0,58.7,
119,56,1,47.1,18.67,3,0,0,0.0,7,2.33,74,1,4,25,9.8,63,37.0,0.0,58.7,528,2010-12-25,2010,12,25,,藤沢市秋葉台文化体育館,トヨタ車体クインシーズ,デンソーエアリービーズ,葛和伸元,高橋悠,3,0,3,Win,75,65,,16:00,17:26,1200,,勝又正,新田浩幸,渡部仁志,Away,118,48,7,40.7,16.00,8,7,0,87.5,7,2.33,66,3,3,23,12.3,69,44.0,0.0,63.8,80
152,63,7,41.4,15.75,14,4,2,28.6,8,2.00,95,0,14,15,3.9,83,55.0,0.0,66.3,529,2010-12-26,2010,12,26,,浦安市運動公園総合体育館,東レアローズ,パイオニアレッドウィングス,菅野幸一郎,福田康弘,1,3,4,Lose,94,96,104,13:00,14:53,2200,,富田満,蔭山優子,長嶋健二,Home,140,60,11,42.9,15.00,17,8,2,47.1,10,2.50,95,5,11,24,10.7,81,66.0,0.0,81.5,
140,60,11,42.9,15.00,17,8,2,47.1,10,2.50,95,5,11,24,10.7,81,66.0,0.0,81.5,529,2010-12-26,2010,12,26,,浦安市運動公園総合体育館,パイオニアレッドウィングス,東レアローズ,宮下直樹,佐藤浩明,3,1,4,Win,96,94,,13:00,14:53,2200,,富田満,蔭山優子,長嶋健二,Away,152,63,7,41.4,15.75,14,4,2,28.6,8,2.00,95,0,14,15,3.9,83,55.0,0.0,66.3,104
110,37,9,33.6,12.33,18,5,3,27.8,5,1.67,59,1,5,22,10.7,64,41.0,0.0,64.1,530,2010-12-26,2010,12,26,,浦安市運動公園総合体育館,NECレッドロケッツ,岡山シーガルズ,山田晃豊,大村悟,0,3,3,Lose,58,75,72,15:30,16:48,2000,,村中伸,田野昭彦,平川暁,Home,122,46,4,37.7,15.33,1,0,0,0.0,11,3.67,74,3,9,21,10.6,54,31.0,0.0,57.4,
122,46,4,37.7,15.33,1,0,0,0.0,11,3.67,74,3,9,21,10.6,54,31.0,0.0,57.4,530,2010-12-26,2010,12,26,,浦安市運動公園総合体育館,岡山シーガルズ,NECレッドロケッツ,河本昭義,吉田啓佑,3,0,3,Win,75,58,,15:30,16:48,2000,,村中伸,田野昭彦,平川暁,Away,110,37,9,33.6,12.33,18,5,3,27.8,5,1.67,59,1,5,22,10.7,64,41.0,0.0,64.1,72
130,52,5,40.0,13.00,5,1,0,20.0,12,3.00,84,4,5,25,12.0,83,44.0,0.0,53.0,531,2010-12-26,2010,12,26,,藤沢市秋葉台文化体育館,トヨタ車体クインシーズ,JTマーヴェラス,葛和伸元,高橋悠,1,3,4,Lose,83,91,93,13:05,14:47,870,,澤達大,勝又正,成茂芳夫,Home,140,65,5,46.4,16.25,14,5,0,35.7,9,2.25,90,4,7,35,13.3,76,50.0,0.0,65.8,
140,65,5,46.4,16.25,14,5,0,35.7,9,2.25,90,4,7,35,13.3,76,50.0,0.0,65.8,531,2010-12-26,2010,12,26,,藤沢市秋葉台文化体育館,JTマーヴェラス,トヨタ車体クインシーズ,石原昭久,尾崎侯,3,1,4,Win,91,83,,13:05,14:47,870,,澤達大,勝又正,成茂芳夫,Away,130,52,5,40.0,13.00,5,1,0,20.0,12,3.00,84,4,5,25,12.0,83,44.0,0.0,53.0,93
168,62,9,36.9,12.40,8,3,0,37.5,8,1.60,103,2,10,31,9.5,83,51.0,0.0,61.4,532,2010-12-26,2010,12,26,,藤沢市秋葉台文化体育館,デンソーエアリービーズ,久光製薬スプリングス,達川実,辻健志,2,3,5,Lose,103,99,112,15:21,17:25,1100,,大塚達也,新田浩幸,青木好文,Home,179,62,12,34.6,12.40,27,9,2,33.3,9,1.80,99,4,14,30,11.2,91,60.0,0.0,65.9,
179,62,12,34.6,12.40,27,9,2,33.3,9,1.80,99,4,14,30,11.2,91,60.0,0.0,65.9,532,2010-12-26,2010,12,26,,藤沢市秋葉台文化体育館,久光製薬スプリングス,デンソーエアリービーズ,大東雅史,野中俊英,3,2,5,Win,99,103,,15:21,17:25,1100,,大塚達也,新田浩幸,青木好文,Away,168,62,9,36.9,12.40,8,3,0,37.5,8,1.60,103,2,10,31,9.5,83,51.0,0.0,61.4,112
115,42,10,36.5,14.00,25,13,0,52.0,3,1.00,64,1,8,12,5.9,68,34.0,0.0,50.0,533,2011-01-08,2011,01,08,,西尾市総合体育館,NECレッドロケッツ,JTマーヴェラス,山田晃豊,大村悟,0,3,3,Lose,63,79,74,14:00,15:20,1885,,石井洋壮,柘植知則,岡田三千雄,Home,118,51,7,43.2,17.00,18,3,2,16.7,7,2.33,78,1,9,34,12.2,56,43.0,0.0,76.8,
118,51,7,43.2,17.00,18,3,2,16.7,7,2.33,78,1,9,34,12.2,56,43.0,0.0,76.8,533,2011-01-08,2011,01,08,,西尾市総合体育館,JTマーヴェラス,NECレッドロケッツ,石原昭久,尾崎侯,3,0,3,Win,79,63,,14:00,15:20,1885,,石井洋壮,柘植知則,岡田三千雄,Away,115,42,10,36.5,14.00,25,13,0,52.0,3,1.00,64,1,8,12,5.9,68,34.0,0.0,50.0,74
201,65,12,32.3,13.00,7,2,0,28.6,10,2.00,110,1,8,38,9.4,89,57.0,0.0,64.0,534,2011-01-08,2011,01,08,,西尾市総合体育館,デンソーエアリービーズ,パイオニアレッドウィングス,達川実,辻健志,2,3,5,Lose,110,100,122,16:00,18:14,2120,,明井寿枝,村上成司,森廣淳一,Home,205,59,19,28.8,11.80,36,4,4,11.1,14,2.80,100,2,10,31,9.6,102,63.0,0.0,61.8,
205,59,19,28.8,11.80,36,4,4,11.1,14,2.80,100,2,10,31,9.6,102,63.0,0.0,61.8,534,2011-01-08,2011,01,08,,西尾市総合体育館,パイオニアレッドウィングス,デンソーエアリービーズ,宮下直樹,佐藤浩明,3,2,5,Win,100,110,,16:00,18:14,2120,,明井寿枝,村上成司,森廣淳一,Away,201,65,12,32.3,13.00,7,2,0,28.6,10,2.00,110,1,8,38,9.4,89,57.0,0.0,64.0,122
135,51,4,37.8,17.00,2,0,0,0.0,7,2.33,73,3,4,22,11.1,58,34.0,0.0,58.6,535,2011-01-08,2011,01,08,,ジップアリーナ岡山（岡山県総合グラウンド体育館）,トヨタ車体クインシーズ,久光製薬スプリングス,葛和伸元,高橋悠,3,0,3,Win,75,63,81,14:05,15:32,2300,,千代延靖夫,山本浩之,大西英和,Home,148,46,5,31.1,15.33,22,6,2,27.3,5,1.67,65,2,7,22,10.9,68,44.0,0.0,64.7,
148,46,5,31.1,15.33,22,6,2,27.3,5,1.67,65,2,7,22,10.9,68,44.0,0.0,64.7,535,2011-01-08,2011,01,08,,ジップアリーナ岡山（岡山県総合グラウンド体育館）,久光製薬スプリングス,トヨタ車体クインシーズ,大東雅史,野中俊英,0,3,3,Lose,63,75,,14:05,15:32,2300,,千代延靖夫,山本浩之,大西英和,Away,135,51,4,37.8,17.00,2,0,0,0.0,7,2.33,73,3,4,22,11.1,58,34.0,0.0,58.6,81
151,51,7,33.8,12.75,1,0,0,0.0,9,2.25,90,3,5,19,8.4,87,51.0,0.0,58.6,536,2011-01-08,2011,01,08,,ジップアリーナ岡山（岡山県総合グラウンド体育館）,岡山シーガルズ,東レアローズ,河本昭義,吉田啓佑,1,3,4,Lose,89,100,106,16:15,18:10,2800,,江下毅,小野将人,真鍋孝志,Home,172,77,10,44.8,19.25,16,6,1,37.5,7,1.75,99,1,12,35,9.6,83,63.0,0.0,75.9,
172,77,10,44.8,19.25,16,6,1,37.5,7,1.75,99,1,12,35,9.6,83,63.0,0.0,75.9,536,2011-01-08,2011,01,08,,ジップアリーナ岡山（岡山県総合グラウンド体育館）,東レアローズ,岡山シーガルズ,菅野幸一郎,福田康弘,3,1,4,Win,100,89,,16:15,18:10,2800,,江下毅,小野将人,真鍋孝志,Away,151,51,7,33.8,12.75,1,0,0,0.0,9,2.25,90,3,5,19,8.4,87,51.0,0.0,58.6,106
137,51,12,37.2,17.00,21,10,1,47.6,8,2.67,75,4,7,14,9.5,57,39.0,0.0,68.4,537,2011-01-09,2011,01,09,,西尾市総合体育館,NECレッドロケッツ,パイオニアレッドウィングス,山田晃豊,大村悟,3,0,3,Win,77,64,79,13:00,14:25,1810,,石井洋壮,柘植知則,古澤博丈,Home,124,33,5,26.6,11.00,20,6,1,30.0,5,1.67,66,1,8,18,8.3,66,50.0,0.0,75.8,
124,33,5,26.6,11.00,20,6,1,30.0,5,1.67,66,1,8,18,8.3,66,50.0,0.0,75.8,537,2011-01-09,2011,01,09,,西尾市総合体育館,パイオニアレッドウィングス,NECレッドロケッツ,宮下直樹,佐藤浩明,0,3,3,Lose,64,77,,13:00,14:25,1810,,石井洋壮,柘植知則,古澤博丈,Away,137,51,12,37.2,17.00,21,10,1,47.6,8,2.67,75,4,7,14,9.5,57,39.0,0.0,68.4,79
109,33,8,30.3,11.00,16,6,1,37.5,3,1.00,51,0,4,13,6.4,68,44.0,0.0,64.7,538,2011-01-09,2011,01,09,,西尾市総合体育館,デンソーエアリービーズ,JTマーヴェラス,達川実,辻健志,0,3,3,Lose,49,75,66,15:05,16:17,2210,,村上成司,明井寿枝,岡田三千雄,Home,111,45,5,40.5,15.00,12,3,1,25.0,13,4.33,73,4,3,22,12.5,47,34.0,0.0,72.3,
111,45,5,40.5,15.00,12,3,1,25.0,13,4.33,73,4,3,22,12.5,47,34.0,0.0,72.3,538,2011-01-09,2011,01,09,,西尾市総合体育館,JTマーヴェラス,デンソーエアリービーズ,石原昭久,尾崎侯,3,0,3,Win,75,49,,15:05,16:17,2210,,村上成司,明井寿枝,岡田三千雄,Away,109,33,8,30.3,11.00,16,6,1,37.5,3,1.00,51,0,4,13,6.4,68,44.0,0.0,64.7,66
196,76,6,38.8,15.20,14,6,2,42.9,12,2.40,113,3,9,23,7.2,101,66.0,0.0,65.3,539,2011-01-09,2011,01,09,,ジップアリーナ岡山（岡山県総合グラウンド体育館）,東レアローズ,久光製薬スプリングス,菅野幸一郎,福田康弘,2,3,5,Lose,113,110,115,13:05,15:12,2150,,千代延靖夫,武田祥憲,金谷基代,Home,185,71,9,38.4,14.20,40,20,3,50.0,14,2.80,110,3,8,33,9.9,104,78.0,0.0,75.0,
185,71,9,38.4,14.20,40,20,3,50.0,14,2.80,110,3,8,33,9.9,104,78.0,0.0,75.0,539,2011-01-09,2011,01,09,,ジップアリーナ岡山（岡山県総合グラウンド体育館）,久光製薬スプリングス,東レアローズ,大東雅史,野中俊英,3,2,5,Win,110,113,,13:05,15:12,2150,,千代延靖夫,武田祥憲,金谷基代,Away,196,76,6,38.8,15.20,14,6,2,42.9,12,2.40,113,3,9,23,7.2,101,66.0,0.0,65.3,115
138,37,9,26.8,12.33,1,0,0,0.0,8,2.67,59,0,6,10,4.2,68,40.0,0.0,58.8,540,2011-01-09,2011,01,09,,ジップアリーナ岡山（岡山県総合グラウンド体育館）,岡山シーガルズ,トヨタ車体クインシーズ,河本昭義,吉田啓佑,0,3,3,Lose,58,77,79,16:00,17:25,2600,,小野将人,江下毅,真鍋美也子,Home,139,47,4,33.8,15.67,5,0,0,0.0,10,3.33,76,2,7,27,11.2,53,43.0,0.0,81.1,
139,47,4,33.8,15.67,5,0,0,0.0,10,3.33,76,2,7,27,11.2,53,43.0,0.0,81.1,540,2011-01-09,2011,01,09,,ジップアリーナ岡山（岡山県総合グラウンド体育館）,トヨタ車体クインシーズ,岡山シーガルズ,葛和伸元,高橋悠,3,0,3,Win,77,58,,16:00,17:25,2600,,小野将人,江下毅,真鍋美也子,Away,138,37,9,26.8,12.33,1,0,0,0.0,8,2.67,59,0,6,10,4.2,68,40.0,0.0,58.8,79
134,51,9,38.1,17.00,17,2,2,11.8,8,2.67,73,3,7,29,13.5,52,38.0,0.0,73.1,541,2011-01-15,2011,01,15,,所沢市民体育館,JTマーヴェラス,岡山シーガルズ,石原昭久,尾崎侯,3,0,3,Win,75,50,69,14:00,15:15,2453,,澤達大,浅井唯由,島崎美晴,Home,129,29,5,22.5,9.67,3,0,0,0.0,3,1.00,52,0,0,14,6.7,65,34.0,0.0,52.3,
129,29,5,22.5,9.67,3,0,0,0.0,3,1.00,52,0,0,14,6.7,65,34.0,0.0,52.3,541,2011-01-15,2011,01,15,,所沢市民体育館,岡山シーガルズ,JTマーヴェラス,河本昭義,吉田啓佑,0,3,3,Lose,50,75,,14:00,15:15,2453,,澤達大,浅井唯由,島崎美晴,Away,134,51,9,38.1,17.00,17,2,2,11.8,8,2.67,73,3,7,29,13.5,52,38.0,0.0,73.1,69
146,60,7,41.1,15.00,26,13,3,50.0,13,3.25,96,5,10,12,7.9,81,65.0,0.0,80.2,542,2011-01-15,2011,01,15,,所沢市民体育館,久光製薬スプリングス,パイオニアレッドウィングス,大東雅史,豊暉原峻,3,1,4,Win,97,86,101,16:00,17:50,1726,,田中昭彦,山田道人,小倉碧,Home,160,60,10,37.5,15.00,22,6,1,27.3,3,0.75,87,2,5,15,6.4,83,69.0,0.0,83.1,
160,60,10,37.5,15.00,22,6,1,27.3,3,0.75,87,2,5,15,6.4,83,69.0,0.0,83.1,542,2011-01-15,2011,01,15,,所沢市民体育館,パイオニアレッドウィングス,久光製薬スプリングス,宮下直樹,佐藤浩明,1,3,4,Lose,86,97,,16:00,17:50,1726,,田中昭彦,山田道人,小倉碧,Away,146,60,7,41.1,15.00,26,13,3,50.0,13,3.25,96,5,10,12,7.9,81,65.0,0.0,80.2,101
173,59,10,34.1,14.75,20,7,5,35.0,14,3.50,97,1,3,27,7.8,70,54.0,0.0,77.1,543,2011-01-15,2011,01,15,,町田市立総合体育館,東レアローズ,デンソーエアリービーズ,菅野幸一郎,福田康弘,3,1,4,Win,98,82,96,14:00,15:45,2000,,大塚達也,森山真理子,四本松善成,Home,180,53,9,29.4,13.25,15,2,0,13.3,12,3.00,83,2,11,16,7.2,94,66.0,0.0,70.2,
180,53,9,29.4,13.25,15,2,0,13.3,12,3.00,83,2,11,16,7.2,94,66.0,0.0,70.2,543,2011-01-15,2011,01,15,,町田市立総合体育館,デンソーエアリービーズ,東レアローズ,達川実,辻健志,1,3,4,Lose,82,98,,14:00,15:45,2000,,大塚達也,森山真理子,四本松善成,Away,173,59,10,34.1,14.75,20,7,5,35.0,14,3.50,97,1,3,27,7.8,70,54.0,0.0,77.1,96
163,58,10,35.6,14.50,4,1,1,25.0,7,1.75,86,2,5,26,9.4,91,72.0,0.0,79.1,544,2011-01-15,2011,01,15,,町田市立総合体育館,トヨタ車体クインシーズ,NECレッドロケッツ,葛和伸元,高橋悠,1,3,4,Lose,85,96,104,16:30,18:23,2100,,グレッグルーオー,阿部広太郎,並木修一,Home,167,66,13,39.5,16.50,23,11,2,47.8,10,2.50,95,4,3,16,7.8,81,53.0,0.0,65.4,
167,66,13,39.5,16.50,23,11,2,47.8,10,2.50,95,4,3,16,7.8,81,53.0,0.0,65.4,544,2011-01-15,2011,01,15,,町田市立総合体育館,NECレッドロケッツ,トヨタ車体クインシーズ,山田晃豊,大村悟,3,1,4,Win,96,85,,16:30,18:23,2100,,グレッグルーオー,阿部広太郎,並木修一,Away,163,58,10,35.6,14.50,4,1,1,25.0,7,1.75,86,2,5,26,9.4,91,72.0,0.0,79.1,104
118,59,5,50.0,19.67,11,3,1,27.3,3,1.00,78,1,5,26,9.4,59,38.0,0.0,64.4,545,2011-01-16,2011,01,16,,所沢市民体育館,JTマーヴェラス,久光製薬スプリングス,石原昭久,尾崎侯,3,0,3,Win,79,67,77,13:00,14:23,1885,,田中昭彦,浅井唯由,逸見尚史,Home,127,48,7,37.8,16.00,15,5,1,33.3,5,1.67,68,2,8,20,10.0,73,46.0,0.0,63.0,
127,48,7,37.8,16.00,15,5,1,33.3,5,1.67,68,2,8,20,10.0,73,46.0,0.0,63.0,545,2011-01-16,2011,01,16,,所沢市民体育館,久光製薬スプリングス,JTマーヴェラス,大東雅史,豊暉原峻,0,3,3,Lose,67,79,,13:00,14:23,1885,,田中昭彦,浅井唯由,逸見尚史,Away,118,59,5,50.0,19.67,11,3,1,27.3,3,1.00,78,1,5,26,9.4,59,38.0,0.0,64.4,77
148,46,8,31.1,15.33,1,1,0,100.0,7,2.33,71,2,6,18,8.6,74,42.0,0.0,56.8,546,2011-01-16,2011,01,16,,所沢市民体育館,岡山シーガルズ,パイオニアレッドウィングス,河本昭義,吉田啓佑,0,3,3,Lose,69,82,96,15:05,16:47,1840,,山田道人,澤達大,西浦弥生,Home,135,56,5,41.5,18.67,16,2,0,12.5,5,1.67,80,5,5,28,14.0,65,45.0,0.0,69.2,
135,56,5,41.5,18.67,16,2,0,12.5,5,1.67,80,5,5,28,14.0,65,45.0,0.0,69.2,546,2011-01-16,2011,01,16,,所沢市民体育館,パイオニアレッドウィングス,岡山シーガルズ,宮下直樹,佐藤浩明,3,0,3,Win,82,69,,15:05,16:47,1840,,山田道人,澤達大,西浦弥生,Away,148,46,8,31.1,15.33,1,1,0,100.0,7,2.33,71,2,6,18,8.6,74,42.0,0.0,56.8,96
149,45,11,30.2,11.25,2,1,0,50.0,13,3.25,77,3,6,26,12.3,86,55.0,0.0,64.0,547,2011-01-16,2011,01,16,,町田市立総合体育館,トヨタ車体クインシーズ,デンソーエアリービーズ,葛和伸元,高橋悠,1,3,4,Lose,76,93,96,13:05,14:50,1450,,大塚達也,饗庭和恵,森健,Home,151,51,8,33.8,12.75,16,6,3,37.5,9,2.25,92,7,5,25,13.1,68,42.0,0.0,61.8,
151,51,8,33.8,12.75,16,6,3,37.5,9,2.25,92,7,5,25,13.1,68,42.0,0.0,61.8,547,2011-01-16,2011,01,16,,町田市立総合体育館,デンソーエアリービーズ,トヨタ車体クインシーズ,達川実,辻健志,3,1,4,Win,93,76,,13:05,14:50,1450,,大塚達也,饗庭和恵,森健,Away,149,45,11,30.2,11.25,2,1,0,50.0,13,3.25,77,3,6,26,12.3,86,55.0,0.0,64.0,96
148,61,11,41.2,15.25,14,6,2,42.9,7,1.75,92,3,10,21,8.3,85,57.0,0.0,67.1,548,2011-01-16,2011,01,16,,町田市立総合体育館,東レアローズ,NECレッドロケッツ,菅野幸一郎,福田康弘,1,3,4,Lose,91,96,96,15:25,17:10,2300,,阿部広太郎,ｸﾞﾚｯｸﾞﾙｰｵｰ,土屋明美,Home,144,63,8,43.8,15.75,20,7,5,35.0,7,1.75,95,1,9,27,7.9,82,58.0,0.0,70.7,
144,63,8,43.8,15.75,20,7,5,35.0,7,1.75,95,1,9,27,7.9,82,58.0,0.0,70.7,548,2011-01-16,2011,01,16,,町田市立総合体育館,NECレッドロケッツ,東レアローズ,山田晃豊,大村悟,3,1,4,Win,96,91,,15:25,17:10,2300,,阿部広太郎,ｸﾞﾚｯｸﾞﾙｰｵｰ,土屋明美,Away,148,61,11,41.2,15.25,14,6,2,42.9,7,1.75,92,3,10,21,8.3,85,57.0,0.0,67.1,96
164,74,10,45.1,18.50,18,11,1,61.1,11,2.75,102,2,7,30,9.1,84,59.0,0.0,70.2,549,2011-01-22,2011,01,22,,青森県武道館,東レアローズ,トヨタ車体クインシーズ,菅野幸一郎,福田康弘,3,1,4,Win,103,89,107,14:00,15:56,2500,,阿部広太郎,酒出修,古川知足,Home,169,55,9,32.5,13.75,0,0,0,-,12,3.00,90,2,5,24,8.7,94,63.0,0.0,67.0,
169,55,9,32.5,13.75,0,0,0,-,12,3.00,90,2,5,24,8.7,94,63.0,0.0,67.0,549,2011-01-22,2011,01,22,,青森県武道館,トヨタ車体クインシーズ,東レアローズ,葛和伸元,高橋悠,1,3,4,Lose,89,103,,14:00,15:56,2500,,阿部広太郎,酒出修,古川知足,Away,164,74,10,45.1,18.50,18,11,1,61.1,11,2.75,102,2,7,30,9.1,84,59.0,0.0,70.2,107
95,50,6,52.6,16.67,13,1,3,7.7,6,2.00,73,3,7,6,5.9,58,47.0,0.0,81.0,550,2011-01-22,2011,01,22,,青森県武道館,JTマーヴェラス,パイオニアレッドウィングス,石原昭久,尾崎侯,3,0,3,Win,75,63,72,16:35,17:53,2553,,田中昭彦,大塚達也,浪打東彦,Home,105,40,7,38.1,13.33,11,3,0,27.3,5,1.67,65,3,7,8,6.8,64,57.0,0.0,89.1,
105,40,7,38.1,13.33,11,3,0,27.3,5,1.67,65,3,7,8,6.8,64,57.0,0.0,89.1,550,2011-01-22,2011,01,22,,青森県武道館,パイオニアレッドウィングス,JTマーヴェラス,宮下直樹,佐藤浩明,0,3,3,Lose,63,75,,16:35,17:53,2553,,田中昭彦,大塚達也,浪打東彦,Away,95,50,6,52.6,16.67,13,1,3,7.7,6,2.00,73,3,7,6,5.9,58,47.0,0.0,81.0,72
161,47,10,29.2,11.75,6,2,1,33.3,4,1.00,73,2,3,21,9.4,86,46.0,0.0,53.5,551,2011-01-22,2011,01,22,,加古川市立総合体育館,岡山シーガルズ,久光製薬スプリングス,河本昭義,吉田啓佑,1,3,4,Lose,72,97,100,13:00,14:49,2500,,明井寿枝,グレッグルーオー,山本順一,Home,145,65,9,44.8,16.25,27,6,4,22.2,8,2.00,96,7,7,36,15.8,70,47.0,0.0,67.1,
145,65,9,44.8,16.25,27,6,4,22.2,8,2.00,96,7,7,36,15.8,70,47.0,0.0,67.1,551,2011-01-22,2011,01,22,,加古川市立総合体育館,久光製薬スプリングス,岡山シーガルズ,大東雅史,豊暉原峻,3,1,4,Win,97,72,,13:00,14:49,2500,,明井寿枝,グレッグルーオー,山本順一,Away,161,47,10,29.2,11.75,6,2,1,33.3,4,1.00,73,2,3,21,9.4,86,46.0,0.0,53.5,100
121,47,6,38.8,15.67,14,3,3,21.4,4,1.33,63,1,14,10,5.2,72,60.0,0.0,83.3,552,2011-01-22,2011,01,22,,加古川市立総合体育館,デンソーエアリービーズ,NECレッドロケッツ,達川実,辻健志,0,3,3,Lose,61,78,75,15:30,16:51,2000,,江下毅,荒木和仁,馬場英昭,Home,106,48,4,45.3,16.00,18,10,0,55.6,6,2.00,76,2,4,10,5.4,49,38.0,0.0,77.6,
106,48,4,45.3,16.00,18,10,0,55.6,6,2.00,76,2,4,10,5.4,49,38.0,0.0,77.6,552,2011-01-22,2011,01,22,,加古川市立総合体育館,NECレッドロケッツ,デンソーエアリービーズ,山田晃豊,大村悟,3,0,3,Win,78,61,,15:30,16:51,2000,,江下毅,荒木和仁,馬場英昭,Away,121,47,6,38.8,15.67,14,3,3,21.4,4,1.33,63,1,14,10,5.2,72,60.0,0.0,83.3,75
108,33,8,30.6,11.00,10,1,0,10.0,4,1.33,55,0,5,14,6.4,66,49.0,0.0,74.2,553,2011-01-23,2011,01,23,,青森県武道館,東レアローズ,JTマーヴェラス,菅野幸一郎,福田康弘,0,3,3,Lose,54,75,61,12:00,13:07,3422,,酒出修,阿部広太郎,古川知足,Home,103,51,8,49.5,17.00,19,8,3,42.1,8,2.67,74,2,7,16,7.8,50,36.0,0.0,72.0,
103,51,8,49.5,17.00,19,8,3,42.1,8,2.67,74,2,7,16,7.8,50,36.0,0.0,72.0,553,2011-01-23,2011,01,23,,青森県武道館,JTマーヴェラス,東レアローズ,石原昭久,尾崎侯,3,0,3,Win,75,54,,12:00,13:07,3422,,酒出修,阿部広太郎,古川知足,Away,108,33,8,30.6,11.00,10,1,0,10.0,4,1.33,55,0,5,14,6.4,66,49.0,0.0,74.2,61
137,47,14,34.3,11.75,0,0,0,-,7,1.75,81,5,5,12,9.6,79,56.0,0.0,70.9,554,2011-01-23,2011,01,23,,青森県武道館,トヨタ車体クインシーズ,パイオニアレッドウィングス,葛和伸元,高橋悠,1,3,4,Lose,80,93,101,14:00,15:50,3518,,大塚達也,田中昭彦,浪打東彦,Home,147,62,6,42.2,15.50,10,5,0,50.0,5,1.25,92,2,13,21,7.4,72,59.0,0.0,81.9,
147,62,6,42.2,15.50,10,5,0,50.0,5,1.25,92,2,13,21,7.4,72,59.0,0.0,81.9,554,2011-01-23,2011,01,23,,青森県武道館,パイオニアレッドウィングス,トヨタ車体クインシーズ,宮下直樹,佐藤浩明,3,1,4,Win,93,80,,14:00,15:50,3518,,大塚達也,田中昭彦,浪打東彦,Away,137,47,14,34.3,11.75,0,0,0,-,7,1.75,81,5,5,12,9.6,79,56.0,0.0,70.9,101
162,52,6,32.1,13.00,23,7,3,30.4,8,2.00,82,2,3,19,8.0,85,57.0,0.0,67.1,555,2011-01-23,2011,01,23,,神戸総合運動公園体育館（グリーンアリーナ神戸）,NECレッドロケッツ,久光製薬スプリングス,山田晃豊,大村悟,1,3,4,Lose,81,94,102,13:00,14:51,2300,,グレッグ・ルーオー,明井寿枝,竹見聖司,Home,168,68,11,40.5,17.00,21,10,1,47.6,12,3.00,93,5,5,26,11.9,78,58.0,0.0,74.4,
168,68,11,40.5,17.00,21,10,1,47.6,12,3.00,93,5,5,26,11.9,78,58.0,0.0,74.4,555,2011-01-23,2011,01,23,,神戸総合運動公園体育館（グリーンアリーナ神戸）,久光製薬スプリングス,NECレッドロケッツ,大東雅史,豊暉原峻,3,1,4,Win,94,81,,13:00,14:51,2300,,グレッグ・ルーオー,明井寿枝,竹見聖司,Away,162,52,6,32.1,13.00,23,7,3,30.4,8,2.00,82,2,3,19,8.0,85,57.0,0.0,67.1,102
109,37,4,33.9,12.33,3,1,0,33.3,6,2.00,57,1,5,14,7.5,68,42.0,0.0,61.8,556,2011-01-23,2011,01,23,,神戸総合運動公園体育館（グリーンアリーナ神戸）,岡山シーガルズ,デンソーエアリービーズ,河本昭義,吉田啓佑,0,3,3,Lose,55,75,70,15:30,16:46,2300,,江下毅,荒木和仁,山本順一,Home,116,58,5,50.0,19.33,10,5,0,50.0,6,2.00,73,0,5,26,8.9,52,37.0,0.0,71.2,
116,58,5,50.0,19.33,10,5,0,50.0,6,2.00,73,0,5,26,8.9,52,37.0,0.0,71.2,556,2011-01-23,2011,01,23,,神戸総合運動公園体育館（グリーンアリーナ神戸）,デンソーエアリービーズ,岡山シーガルズ,達川実,辻健志,3,0,3,Win,75,55,,15:30,16:46,2300,,江下毅,荒木和仁,山本順一,Away,109,37,4,33.9,12.33,3,1,0,33.3,6,2.00,57,1,5,14,7.5,68,42.0,0.0,61.8,70
175,76,8,43.4,15.20,5,1,1,20.0,13,2.60,109,2,10,50,12.9,96,47.0,0.0,49.0,557,2011-01-29,2011,01,29,,川崎市とどろきアリーナ,デンソーエアリービーズ,久光製薬スプリングス,達川実,辻健志,3,2,5,Win,110,102,114,14:00,16:06,900,,中馬義郎,新田浩幸,小林智子,Home,181,71,10,39.2,14.20,26,7,2,26.9,8,1.60,103,3,6,47,13.9,99,47.0,0.0,47.5,
181,71,10,39.2,14.20,26,7,2,26.9,8,1.60,103,3,6,47,13.9,99,47.0,0.0,47.5,557,2011-01-29,2011,01,29,,川崎市とどろきアリーナ,久光製薬スプリングス,デンソーエアリービーズ,大東雅史,豊暉原峻,2,3,5,Lose,102,110,,14:00,16:06,900,,中馬義郎,新田浩幸,小林智子,Away,175,76,8,43.4,15.20,5,1,1,20.0,13,2.60,109,2,10,50,12.9,96,47.0,0.0,49.0,114
169,63,7,37.3,15.75,4,1,1,25.0,9,2.25,95,2,5,36,11.4,90,54.0,0.0,60.0,558,2011-01-29,2011,01,29,,川崎市とどろきアリーナ,岡山シーガルズ,NECレッドロケッツ,河本昭義,吉田啓佑,1,3,4,Lose,94,98,110,16:53,18:52,1500,,田野昭彦,澤達大,田代武,Home,162,62,8,38.3,15.50,17,3,2,17.6,16,4.00,97,4,5,34,12.5,89,52.0,0.0,58.4,
162,62,8,38.3,15.50,17,3,2,17.6,16,4.00,97,4,5,34,12.5,89,52.0,0.0,58.4,558,2011-01-29,2011,01,29,,川崎市とどろきアリーナ,NECレッドロケッツ,岡山シーガルズ,山田晃豊,大村悟,3,1,4,Win,98,94,,16:53,18:52,1500,,田野昭彦,澤達大,田代武,Away,169,63,7,37.3,15.75,4,1,1,25.0,9,2.25,95,2,5,36,11.4,90,54.0,0.0,60.0,110
107,57,7,53.3,19.00,22,9,2,40.9,5,1.67,73,2,6,15,7.3,58,41.0,0.0,70.7,559,2011-01-29,2011,01,29,,刈谷市総合運動公園体育館（ウィングアリーナ刈谷）,JTマーヴェラス,パイオニアレッドウィングス,石原昭久,尾崎侯,3,0,3,Win,75,63,70,14:00,15:16,1920,,村中伸,柘植知則,井村幸二,Home,100,40,3,40.0,13.33,4,1,0,25.0,7,2.33,65,2,6,16,8.9,67,50.0,0.0,74.6,
100,40,3,40.0,13.33,4,1,0,25.0,7,2.33,65,2,6,16,8.9,67,50.0,0.0,74.6,559,2011-01-29,2011,01,29,,刈谷市総合運動公園体育館（ウィングアリーナ刈谷）,パイオニアレッドウィングス,JTマーヴェラス,宮下直樹,佐藤浩明,0,3,3,Lose,63,75,,14:00,15:16,1920,,村中伸,柘植知則,井村幸二,Away,107,57,7,53.3,19.00,22,9,2,40.9,5,1.67,73,2,6,15,7.3,58,41.0,0.0,70.7,70
134,37,9,27.6,12.33,10,3,2,30.0,5,1.67,62,2,3,25,12.7,71,43.0,0.0,60.6,560,2011-01-29,2011,01,29,,刈谷市総合運動公園体育館（ウィングアリーナ刈谷）,トヨタ車体クインシーズ,東レアローズ,葛和伸元,高橋悠,0,3,3,Lose,60,77,76,16:05,17:27,2090,,石井洋壮,江下毅,立川結衣,Home,132,55,8,41.7,18.33,10,4,0,40.0,4,1.33,75,1,4,27,10.1,59,32.0,0.0,54.2,
132,55,8,41.7,18.33,10,4,0,40.0,4,1.33,75,1,4,27,10.1,59,32.0,0.0,54.2,560,2011-01-29,2011,01,29,,刈谷市総合運動公園体育館（ウィングアリーナ刈谷）,東レアローズ,トヨタ車体クインシーズ,菅野幸一郎,福田康弘,3,0,3,Win,77,60,,16:05,17:27,2090,,石井洋壮,江下毅,立川結衣,Away,134,37,9,27.6,12.33,10,3,2,30.0,5,1.67,62,2,3,25,12.7,71,43.0,0.0,60.6,76
132,54,5,40.9,18.00,2,0,1,0.0,9,3.00,74,0,0,36,12.2,55,37.0,0.0,67.3,561,2011-01-30,2011,01,30,,川崎市とどろきアリーナ,デンソーエアリービーズ,岡山シーガルズ,達川実,辻健志,3,0,3,Win,75,55,73,13:00,14:19,1000,,澤達大,中馬義郎,成茂芳夫,Home,127,41,9,32.3,13.67,4,1,1,25.0,7,2.33,56,0,1,18,8.0,74,38.0,0.0,51.4,
127,41,9,32.3,13.67,4,1,1,25.0,7,2.33,56,0,1,18,8.0,74,38.0,0.0,51.4,561,2011-01-30,2011,01,30,,川崎市とどろきアリーナ,岡山シーガルズ,デンソーエアリービーズ,河本昭義,吉田啓佑,0,3,3,Lose,55,75,,13:00,14:19,1000,,澤達大,中馬義郎,成茂芳夫,Away,132,54,5,40.9,18.00,2,0,1,0.0,9,3.00,74,0,0,36,12.2,55,37.0,0.0,67.3,73
125,37,10,29.6,12.33,26,6,7,23.1,10,3.33,60,1,3,17,8.8,71,44.0,0.0,62.0,562,2011-01-30,2011,01,30,,川崎市とどろきアリーナ,久光製薬スプリングス,NECレッドロケッツ,大東雅史,豊暉原峻,0,3,3,Lose,58,75,74,15:05,16:25,1700,,田野昭彦,新田浩幸,川上弘志,Home,124,46,6,37.1,15.33,25,9,3,36.0,11,3.67,73,0,2,27,9.2,56,39.0,0.0,69.6,
124,46,6,37.1,15.33,25,9,3,36.0,11,3.67,73,0,2,27,9.2,56,39.0,0.0,69.6,562,2011-01-30,2011,01,30,,川崎市とどろきアリーナ,NECレッドロケッツ,久光製薬スプリングス,山田晃豊,大村悟,3,0,3,Win,75,58,,15:05,16:25,1700,,田野昭彦,新田浩幸,川上弘志,Away,125,37,10,29.6,12.33,26,6,7,23.1,10,3.33,60,1,3,17,8.8,71,44.0,0.0,62.0,74
148,51,11,34.5,12.75,25,7,2,28.0,13,3.25,92,3,6,28,10.7,78,53.0,0.0,67.9,563,2011-01-30,2011,01,30,,刈谷市総合運動公園体育館（ウィングアリーナ刈谷）,東レアローズ,JTマーヴェラス,菅野幸一郎,福田康弘,3,1,4,Win,93,88,92,13:00,14:41,2410,,石井洋壮,柘植知則,松井孝志,Home,151,46,17,30.5,11.50,20,4,5,20.0,17,4.25,89,5,7,24,12.1,84,55.0,0.0,65.5,
151,46,17,30.5,11.50,20,4,5,20.0,17,4.25,89,5,7,24,12.1,84,55.0,0.0,65.5,563,2011-01-30,2011,01,30,,刈谷市総合運動公園体育館（ウィングアリーナ刈谷）,JTマーヴェラス,東レアローズ,石原昭久,尾崎侯,1,3,4,Lose,88,93,,13:00,14:41,2410,,石井洋壮,柘植知則,松井孝志,Away,148,51,11,34.5,12.75,25,7,2,28.0,13,3.25,92,3,6,28,10.7,78,53.0,0.0,67.9,92
175,66,8,37.7,13.20,6,2,0,33.3,13,2.60,109,5,12,38,12.6,99,70.0,0.0,70.7,564,2011-01-30,2011,01,30,,刈谷市総合運動公園体育館（ウィングアリーナ刈谷）,トヨタ車体クインシーズ,パイオニアレッドウィングス,葛和伸元,高橋悠,2,3,5,Lose,109,111,124,15:30,17:46,2750,,江下毅,村中伸,立川結衣,Home,186,67,10,36.0,13.40,13,4,1,30.8,17,3.40,111,1,11,29,7.4,96,54.0,0.0,56.2,
186,67,10,36.0,13.40,13,4,1,30.8,17,3.40,111,1,11,29,7.4,96,54.0,0.0,56.2,564,2011-01-30,2011,01,30,,刈谷市総合運動公園体育館（ウィングアリーナ刈谷）,パイオニアレッドウィングス,トヨタ車体クインシーズ,宮下直樹,佐藤浩明,3,2,5,Win,111,109,,15:30,17:46,2750,,江下毅,村中伸,立川結衣,Away,175,66,8,37.7,13.20,6,2,0,33.3,13,2.60,109,5,12,38,12.6,99,70.0,0.0,70.7,124
190,80,9,42.1,16.00,26,12,1,46.2,16,3.20,114,2,9,36,9.5,106,72.0,0.0,67.9,565,2011-02-05,2011,02,05,,高梁市民体育館,パイオニアレッドウィングス,デンソーエアリービーズ,宮下直樹,佐藤浩明,3,2,5,Win,114,111,120,14:05,16:17,1250,,田野敏彦,千代延靖夫,藤田恵美子,Home,201,74,10,36.8,14.80,2,0,0,0.0,10,2.00,111,5,4,30,10.5,104,67.0,0.0,64.4,
201,74,10,36.8,14.80,2,0,0,0.0,10,2.00,111,5,4,30,10.5,104,67.0,0.0,64.4,565,2011-02-05,2011,02,05,,高梁市民体育館,デンソーエアリービーズ,パイオニアレッドウィングス,達川実,辻健志,2,3,5,Lose,111,114,,14:05,16:17,1250,,田野敏彦,千代延靖夫,藤田恵美子,Away,190,80,9,42.1,16.00,26,12,1,46.2,16,3.20,114,2,9,36,9.5,106,72.0,0.0,67.9,120
179,60,4,33.5,15.00,1,0,0,0.0,6,1.50,86,1,4,11,4.4,87,58.0,0.0,66.7,566,2011-02-05,2011,02,05,,高梁市民体育館,岡山シーガルズ,トヨタ車体クインシーズ,河本昭義,吉田啓佑,1,3,4,Lose,85,95,109,16:50,18:48,1450,,北村友香,冨田博一,山本真梨子,Home,185,75,6,40.5,18.75,4,1,1,25.0,4,1.00,94,4,6,26,10.5,81,70.0,0.0,86.4,
185,75,6,40.5,18.75,4,1,1,25.0,4,1.00,94,4,6,26,10.5,81,70.0,0.0,86.4,566,2011-02-05,2011,02,05,,高梁市民体育館,トヨタ車体クインシーズ,岡山シーガルズ,葛和伸元,高橋悠,3,1,4,Win,95,85,,16:50,18:48,1450,,北村友香,冨田博一,山本真梨子,Away,179,60,4,33.5,15.00,1,0,0,0.0,6,1.50,86,1,4,11,4.4,87,58.0,0.0,66.7,109
223,84,19,37.7,16.80,14,3,2,21.4,11,2.20,118,7,5,26,11.3,107,73.0,0.0,68.2,567,2011-02-05,2011,02,05,,薩摩川内市総合運動公園体育館(サンアリーナ川内),東レアローズ,久光製薬スプリングス,菅野幸一郎,福田康弘,2,3,5,Lose,118,119,130,14:00,16:22,2240,,田野昭彦,あべ松真由,花田勝美,Home,219,76,6,34.7,15.20,22,5,1,22.7,11,2.20,119,4,9,33,10.1,107,80.0,0.0,74.8,
219,76,6,34.7,15.20,22,5,1,22.7,11,2.20,119,4,9,33,10.1,107,80.0,0.0,74.8,567,2011-02-05,2011,02,05,,薩摩川内市総合運動公園体育館(サンアリーナ川内),久光製薬スプリングス,東レアローズ,大東雅史,野中俊英,3,2,5,Win,119,118,,14:00,16:22,2240,,田野昭彦,あべ松真由,花田勝美,Away,223,84,19,37.7,16.80,14,3,2,21.4,11,2.20,118,7,5,26,11.3,107,73.0,0.0,68.2,130
152,54,12,35.5,13.50,22,8,1,36.4,11,2.75,87,2,4,13,5.8,87,58.0,0.0,66.7,568,2011-02-05,2011,02,05,,薩摩川内市総合運動公園体育館(サンアリーナ川内),NECレッドロケッツ,JTマーヴェラス,山田晃豊,大村悟,1,3,4,Lose,86,97,96,17:00,18:45,2540,,中馬義郎,塚本健,鮫島誓一,Home,175,69,12,39.4,17.25,37,12,4,32.4,9,2.25,96,3,7,28,10.2,82,68.0,0.0,82.9,
175,69,12,39.4,17.25,37,12,4,32.4,9,2.25,96,3,7,28,10.2,82,68.0,0.0,82.9,568,2011-02-05,2011,02,05,,薩摩川内市総合運動公園体育館(サンアリーナ川内),JTマーヴェラス,NECレッドロケッツ,石原昭久,尾崎侯,3,1,4,Win,97,86,,17:00,18:45,2540,,中馬義郎,塚本健,鮫島誓一,Away,152,54,12,35.5,13.50,22,8,1,36.4,11,2.75,87,2,4,13,5.8,87,58.0,0.0,66.7,96
122,37,9,30.3,12.33,0,0,0,-,3,1.00,53,2,5,14,9.6,69,50.0,0.0,72.5,569,2011-02-06,2011,02,06,,笠岡総合体育館,デンソーエアリービーズ,トヨタ車体クインシーズ,達川実,辻健志,0,3,3,Lose,51,75,71,13:00,14:17,1800,,千代延靖夫,田野敏彦,金谷基代,Home,106,50,2,47.2,16.67,1,0,0,0.0,8,2.67,73,1,3,19,7.9,48,32.0,0.0,66.7,
106,50,2,47.2,16.67,1,0,0,0.0,8,2.67,73,1,3,19,7.9,48,32.0,0.0,66.7,569,2011-02-06,2011,02,06,,笠岡総合体育館,トヨタ車体クインシーズ,デンソーエアリービーズ,葛和伸元,高橋悠,3,0,3,Win,75,51,,13:00,14:17,1800,,千代延靖夫,田野敏彦,金谷基代,Away,122,37,9,30.3,12.33,0,0,0,-,3,1.00,53,2,5,14,9.6,69,50.0,0.0,72.5,71
170,65,7,38.2,16.25,2,1,0,50.0,7,1.75,90,0,3,25,6.9,88,43.0,0.0,48.9,570,2011-02-06,2011,02,06,,笠岡総合体育館,岡山シーガルズ,パイオニアレッドウィングス,河本昭義,吉田啓佑,1,3,4,Lose,89,99,111,15:05,17:05,2100,,冨田博一,北村友香,土井彩子,Home,164,77,4,47.0,19.25,15,6,0,40.0,3,0.75,98,3,10,42,13.2,87,62.0,0.0,71.3,
164,77,4,47.0,19.25,15,6,0,40.0,3,0.75,98,3,10,42,13.2,87,62.0,0.0,71.3,570,2011-02-06,2011,02,06,,笠岡総合体育館,パイオニアレッドウィングス,岡山シーガルズ,宮下直樹,佐藤浩明,3,1,4,Win,99,89,,15:05,17:05,2100,,冨田博一,北村友香,土井彩子,Away,170,65,7,38.2,16.25,2,1,0,50.0,7,1.75,90,0,3,25,6.9,88,43.0,0.0,48.9,111
180,63,8,35.0,12.60,12,1,0,8.3,15,3.00,105,3,9,18,6.8,93,65.0,0.0,69.9,571,2011-02-06,2011,02,06,,鹿児島アリーナ,東レアローズ,NECレッドロケッツ,菅野幸一郎,福田康弘,2,3,5,Lose,105,103,112,13:05,15:09,3800,,田野昭彦,木内誠二,花田勝美,Home,192,72,10,37.5,14.40,28,12,1,42.9,9,1.80,103,1,10,27,7.3,95,75.0,0.0,78.9,
192,72,10,37.5,14.40,28,12,1,42.9,9,1.80,103,1,10,27,7.3,95,75.0,0.0,78.9,571,2011-02-06,2011,02,06,,鹿児島アリーナ,NECレッドロケッツ,東レアローズ,山田晃豊,大村悟,3,2,5,Win,103,105,,13:05,15:09,3800,,田野昭彦,木内誠二,花田勝美,Away,180,63,8,35.0,12.60,12,1,0,8.3,15,3.00,105,3,9,18,6.8,93,65.0,0.0,69.9,112
187,76,11,40.6,15.20,25,8,4,32.0,7,1.40,109,4,10,10,5.8,93,65.0,0.0,69.9,572,2011-02-06,2011,02,06,,鹿児島アリーナ,JTマーヴェラス,久光製薬スプリングス,石原昭久,尾崎侯,3,2,5,Win,110,98,114,15:40,17:46,3800,,塚本健,中馬義郎,小林幸次,Home,190,63,8,33.2,12.60,14,6,4,42.9,8,1.60,98,4,4,25,9.8,96,85.0,0.0,88.5,
190,63,8,33.2,12.60,14,6,4,42.9,8,1.60,98,4,4,25,9.8,96,85.0,0.0,88.5,572,2011-02-06,2011,02,06,,鹿児島アリーナ,久光製薬スプリングス,JTマーヴェラス,大東雅史,野中俊英,2,3,5,Lose,98,110,,15:40,17:46,3800,,塚本健,中馬義郎,小林幸次,Away,187,76,11,40.6,15.20,25,8,4,32.0,7,1.40,109,4,10,10,5.8,93,65.0,0.0,69.9,114
133,54,12,40.6,18.00,16,5,2,31.2,8,2.67,74,2,4,26,11.2,59,42.0,0.0,71.2,573,2011-02-12,2011,02,12,,山形県総合運動公園総合体育館,東レアローズ,岡山シーガルズ,菅野幸一郎,福田康弘,3,0,3,Win,75,61,74,14:00,15:20,2800,,阿部広太郎,伊藤薫,豊田利裕,Home,129,39,2,30.2,13.00,0,0,0,-,4,1.33,62,0,3,17,6.9,69,42.0,0.0,60.9,
129,39,2,30.2,13.00,0,0,0,-,4,1.33,62,0,3,17,6.9,69,42.0,0.0,60.9,573,2011-02-12,2011,02,12,,山形県総合運動公園総合体育館,岡山シーガルズ,東レアローズ,河本昭義,吉田啓佑,0,3,3,Lose,61,75,,14:00,15:20,2800,,阿部広太郎,伊藤薫,豊田利裕,Away,133,54,12,40.6,18.00,16,5,2,31.2,8,2.67,74,2,4,26,11.2,59,42.0,0.0,71.2,74
112,37,11,33.0,12.33,17,5,2,29.4,6,2.00,65,2,7,14,7.8,68,47.0,0.0,69.1,574,2011-02-12,2011,02,12,,山形県総合運動公園総合体育館,パイオニアレッドウィングス,久光製薬スプリングス,宮下直樹,佐藤浩明,0,3,3,Lose,63,76,75,16:00,17:21,3550,,村上成司,高橋宏明,吉田剛,Home,111,46,9,41.4,15.33,11,2,5,18.2,5,1.67,74,7,4,16,13.5,57,41.0,0.0,71.9,
111,46,9,41.4,15.33,11,2,5,18.2,5,1.67,74,7,4,16,13.5,57,41.0,0.0,71.9,574,2011-02-12,2011,02,12,,山形県総合運動公園総合体育館,久光製薬スプリングス,パイオニアレッドウィングス,大東雅史,野中俊英,3,0,3,Win,76,63,,16:00,17:21,3550,,村上成司,高橋宏明,吉田剛,Away,112,37,11,33.0,12.33,17,5,2,29.4,6,2.00,65,2,7,14,7.8,68,47.0,0.0,69.1,75
114,38,10,33.3,12.67,16,7,3,43.8,4,1.33,65,3,4,15,10.1,68,53.0,0.0,77.9,575,2011-02-12,2011,02,12,,ウインク体育館,デンソーエアリービーズ,JTマーヴェラス,達川実,辻健志,0,3,3,Lose,64,75,70,13:00,14:16,3000,,明井寿枝,グレッグ・ルーオー,馬場英昭,Home,102,48,8,47.1,16.00,14,3,3,21.4,13,4.33,74,0,6,15,5.1,59,43.0,0.0,72.9,
102,48,8,47.1,16.00,14,3,3,21.4,13,4.33,74,0,6,15,5.1,59,43.0,0.0,72.9,575,2011-02-12,2011,02,12,,ウインク体育館,JTマーヴェラス,デンソーエアリービーズ,石原昭久,尾崎侯,3,0,3,Win,75,64,,13:00,14:16,3000,,明井寿枝,グレッグ・ルーオー,馬場英昭,Away,114,38,10,33.3,12.67,16,7,3,43.8,4,1.33,65,3,4,15,10.1,68,53.0,0.0,77.9,70
103,46,5,44.7,15.33,1,0,0,0.0,10,3.33,72,1,7,21,8.7,53,42.0,0.0,79.2,576,2011-02-12,2011,02,12,,ウインク体育館,トヨタ車体クインシーズ,NECレッドロケッツ,葛和伸元,高橋悠,3,0,3,Win,75,55,71,15:00,16:17,2500,,田野敏彦,長堂篤史,山本順一,Home,109,31,10,28.4,10.33,12,2,2,16.7,9,3.00,57,0,4,11,4.8,64,43.0,0.0,67.2,
109,31,10,28.4,10.33,12,2,2,16.7,9,3.00,57,0,4,11,4.8,64,43.0,0.0,67.2,576,2011-02-12,2011,02,12,,ウインク体育館,NECレッドロケッツ,トヨタ車体クインシーズ,山田晃豊,大村悟,0,3,3,Lose,55,75,,15:00,16:17,2500,,田野敏彦,長堂篤史,山本順一,Away,103,46,5,44.7,15.33,1,0,0,0.0,10,3.33,72,1,7,21,8.7,53,42.0,0.0,79.2,71
149,64,11,43.0,16.00,11,5,0,45.5,16,4.00,95,4,8,28,11.2,81,49.0,0.0,60.5,579,2011-02-13,2011,02,13,,ベイコム総合体育館,JTマーヴェラス,トヨタ車体クインシーズ,石原昭久,尾崎侯,3,1,4,Win,96,85,101,13:00,14:50,3300,,グレッグ・ルーオー,明井寿枝,坂口和宣,Home,142,54,3,38.0,13.50,1,0,0,0.0,8,2.00,86,1,5,31,9.9,85,55.0,0.0,64.7,
142,54,3,38.0,13.50,1,0,0,0.0,8,2.00,86,1,5,31,9.9,85,55.0,0.0,64.7,579,2011-02-13,2011,02,13,,ベイコム総合体育館,トヨタ車体クインシーズ,JTマーヴェラス,葛和伸元,高橋悠,1,3,4,Lose,85,96,,13:00,14:50,3300,,グレッグ・ルーオー,明井寿枝,坂口和宣,Away,149,64,11,43.0,16.00,11,5,0,45.5,16,4.00,95,4,8,28,11.2,81,49.0,0.0,60.5,101
116,42,5,36.2,14.00,12,5,0,41.7,2,0.67,58,0,6,17,7.3,67,51.0,0.0,76.1,580,2011-02-13,2011,02,13,,ベイコム総合体育館,デンソーエアリービーズ,NECレッドロケッツ,達川実,辻健志,0,3,3,Lose,57,75,71,15:30,16:47,3000,,田野敏彦,長堂篤史,藤井寿雄,Home,110,50,4,45.5,16.67,14,6,3,42.9,11,3.67,73,0,6,16,5.5,52,35.0,0.0,67.3,
110,50,4,45.5,16.67,14,6,3,42.9,11,3.67,73,0,6,16,5.5,52,35.0,0.0,67.3,580,2011-02-13,2011,02,13,,ベイコム総合体育館,NECレッドロケッツ,デンソーエアリービーズ,山田晃豊,大村悟,3,0,3,Win,75,57,,15:30,16:47,3000,,田野敏彦,長堂篤史,藤井寿雄,Away,116,42,5,36.2,14.00,12,5,0,41.7,2,0.67,58,0,6,17,7.3,67,51.0,0.0,76.1,71
197,69,3,35.0,13.80,2,0,1,0.0,9,1.80,101,2,4,24,7.7,96,58.0,0.0,60.4,578,2011-02-13,2011,02,13,,山形県総合運動公園総合体育館,岡山シーガルズ,久光製薬スプリングス,河本昭義,吉田啓佑,2,3,5,Lose,100,102,114,15:30,17:36,1200,,村上成司,伊藤薫,豊田利裕,Home,213,83,12,39.0,16.60,23,6,2,26.1,4,0.80,101,1,5,37,10.0,96,71.0,0.0,74.0,
213,83,12,39.0,16.60,23,6,2,26.1,4,0.80,101,1,5,37,10.0,96,71.0,0.0,74.0,578,2011-02-13,2011,02,13,,山形県総合運動公園総合体育館,久光製薬スプリングス,岡山シーガルズ,大東雅史,野中俊英,3,2,5,Win,102,100,,15:30,17:36,1200,,村上成司,伊藤薫,豊田利裕,Away,197,69,3,35.0,13.80,2,0,1,0.0,9,1.80,101,2,4,24,7.7,96,58.0,0.0,60.4,114
175,69,10,39.4,17.25,15,7,0,46.7,11,2.75,96,1,5,31,9.1,73,51.0,0.0,69.9,577,2011-02-13,2011,02,13,,山形県総合運動公園総合体育館,東レアローズ,パイオニアレッドウィングス,菅野幸一郎,福田康弘,3,1,4,Win,97,81,95,13:05,14:49,4750,,阿部広太郎,高橋宏明,須貝政則,Home,168,50,8,29.8,12.50,14,4,1,28.6,10,2.50,82,4,8,19,9.9,90,59.0,0.0,65.6,
168,50,8,29.8,12.50,14,4,1,28.6,10,2.50,82,4,8,19,9.9,90,59.0,0.0,65.6,577,2011-02-13,2011,02,13,,山形県総合運動公園総合体育館,パイオニアレッドウィングス,東レアローズ,宮下直樹,佐藤浩明,1,3,4,Lose,81,97,,13:05,14:49,4750,,阿部広太郎,高橋宏明,須貝政則,Away,175,69,10,39.4,17.25,15,7,0,46.7,11,2.75,96,1,5,31,9.1,73,51.0,0.0,69.9,95
99,38,9,38.4,12.67,16,6,4,37.5,4,1.33,52,0,3,20,9.6,71,42.0,0.0,59.2,581,2011-02-19,2011,02,19,,東京体育館,デンソーエアリービーズ,東レアローズ,達川実,辻健志,0,3,3,Lose,51,75,61,14:05,15:12,2700,,石井洋壮,水間絵美,塚本健二,Home,91,46,3,50.5,15.33,12,4,1,33.3,8,2.67,74,5,3,24,13.5,49,29.0,0.0,59.2,
91,46,3,50.5,15.33,12,4,1,33.3,8,2.67,74,5,3,24,13.5,49,29.0,0.0,59.2,581,2011-02-19,2011,02,19,,東京体育館,東レアローズ,デンソーエアリービーズ,菅野幸一郎,福田康弘,3,0,3,Win,75,51,,14:05,15:12,2700,,石井洋壮,水間絵美,塚本健二,Away,99,38,9,38.4,12.67,16,6,4,37.5,4,1.33,52,0,3,20,9.6,71,42.0,0.0,59.2,61
175,56,14,32.0,11.20,25,8,4,32.0,17,3.40,100,3,4,33,10.8,90,57.0,0.0,63.3,582,2011-02-19,2011,02,19,,東京体育館,NECレッドロケッツ,パイオニアレッドウィングス,山田晃豊,大村悟,2,3,5,Lose,99,101,108,16:05,18:05,2870,,阿部広太郎,田野敏彦,金廣美喜夫,Home,178,66,9,37.1,13.20,25,9,2,36.0,15,3.00,100,1,9,33,9.2,95,60.0,0.0,63.2,
178,66,9,37.1,13.20,25,9,2,36.0,15,3.00,100,1,9,33,9.2,95,60.0,0.0,63.2,582,2011-02-19,2011,02,19,,東京体育館,パイオニアレッドウィングス,NECレッドロケッツ,宮下直樹,佐藤浩明,3,2,5,Win,101,99,,16:05,18:05,2870,,阿部広太郎,田野敏彦,金廣美喜夫,Away,175,56,14,32.0,11.20,25,8,4,32.0,17,3.40,100,3,4,33,10.8,90,57.0,0.0,63.3,108
134,56,11,41.8,18.67,24,12,1,50.0,4,1.33,74,2,5,25,10.6,52,46.0,0.0,88.5,583,2011-02-19,2011,02,19,,佐賀県総合体育館,JTマーヴェラス,岡山シーガルズ,石原昭久,尾崎侯,3,0,3,Win,75,53,71,14:00,15:17,1678,,代居正巳,溝口正勝,池田 勝,Home,119,32,6,26.9,10.67,3,2,0,66.7,4,1.33,54,1,2,5,3.8,69,42.0,0.0,60.9,
119,32,6,26.9,10.67,3,2,0,66.7,4,1.33,54,1,2,5,3.8,69,42.0,0.0,60.9,583,2011-02-19,2011,02,19,,佐賀県総合体育館,岡山シーガルズ,JTマーヴェラス,河本昭義,吉田啓佑,0,3,3,Lose,53,75,,14:00,15:17,1678,,代居正巳,溝口正勝,池田 勝,Away,134,56,11,41.8,18.67,24,12,1,50.0,4,1.33,74,2,5,25,10.6,52,46.0,0.0,88.5,71
111,59,2,53.2,19.67,11,6,0,54.5,6,2.00,73,1,5,16,6.8,55,45.0,0.0,81.8,584,2011-02-19,2011,02,19,,佐賀県総合体育館,久光製薬スプリングス,トヨタ車体クインシーズ,大東雅史,野中俊英,3,0,3,Win,75,59,71,16:00,17:17,1913,,田野昭彦,中馬義郎,野中健志,Home,114,40,4,35.1,13.33,1,0,0,0.0,7,2.33,61,1,5,10,5.7,67,51.0,0.0,76.1,
114,40,4,35.1,13.33,1,0,0,0.0,7,2.33,61,1,5,10,5.7,67,51.0,0.0,76.1,584,2011-02-19,2011,02,19,,佐賀県総合体育館,トヨタ車体クインシーズ,久光製薬スプリングス,葛和伸元,高橋悠,0,3,3,Lose,59,75,,16:00,17:17,1913,,田野昭彦,中馬義郎,野中健志,Away,111,59,2,53.2,19.67,11,6,0,54.5,6,2.00,73,1,5,16,6.8,55,45.0,0.0,81.8,71
124,40,7,32.3,13.33,18,4,1,22.2,6,2.00,57,0,3,20,8.8,70,46.0,0.0,65.7,585,2011-02-20,2011,02,20,,東京体育館,NECレッドロケッツ,東レアローズ,山田晃豊,大村悟,0,3,3,Lose,56,75,69,13:05,14:20,2780,,田野敏彦,阿部広太郎,渡部千穂,Home,126,58,4,46.0,19.33,20,9,1,45.0,4,1.33,74,0,4,24,8.1,54,34.0,0.0,63.0,
126,58,4,46.0,19.33,20,9,1,45.0,4,1.33,74,0,4,24,8.1,54,34.0,0.0,63.0,585,2011-02-20,2011,02,20,,東京体育館,東レアローズ,NECレッドロケッツ,菅野幸一郎,福田康弘,3,0,3,Win,75,56,,13:05,14:20,2780,,田野敏彦,阿部広太郎,渡部千穂,Away,124,40,7,32.3,13.33,18,4,1,22.2,6,2.00,57,0,3,20,8.8,70,46.0,0.0,65.7,69
178,67,14,37.6,13.40,29,12,4,41.4,6,1.20,91,0,7,22,6.0,99,67.0,0.0,67.7,586,2011-02-20,2011,02,20,,東京体育館,パイオニアレッドウィングス,デンソーエアリービーズ,宮下直樹,佐藤浩明,2,3,5,Lose,90,107,111,14:55,16:58,2700,,石井洋壮,薄井真知子,金廣美喜夫,Home,163,66,10,40.5,13.20,15,6,1,40.0,11,2.20,106,4,7,28,9.6,84,62.0,0.0,73.8,
163,66,10,40.5,13.20,15,6,1,40.0,11,2.20,106,4,7,28,9.6,84,62.0,0.0,73.8,586,2011-02-20,2011,02,20,,東京体育館,デンソーエアリービーズ,パイオニアレッドウィングス,達川実,辻健志,3,2,5,Win,107,90,,14:55,16:58,2700,,石井洋壮,薄井真知子,金廣美喜夫,Away,178,67,14,37.6,13.40,29,12,4,41.4,6,1.20,91,0,7,22,6.0,99,67.0,0.0,67.7,111
154,74,10,48.1,18.50,16,9,0,56.2,5,1.25,99,4,7,21,8.9,77,63.0,0.0,81.8,587,2011-02-20,2011,02,20,,佐賀県総合体育館,JTマーヴェラス,トヨタ車体クインシーズ,石原昭久,尾崎侯,3,1,4,Win,100,83,99,13:00,14:48,1470,,代居正巳,瀬戸隆英,池田 勝,Home,148,56,10,37.8,14.00,0,0,0,-,6,1.50,84,4,5,12,7.9,90,67.0,0.0,74.4,
148,56,10,37.8,14.00,0,0,0,-,6,1.50,84,4,5,12,7.9,90,67.0,0.0,74.4,587,2011-02-20,2011,02,20,,佐賀県総合体育館,トヨタ車体クインシーズ,JTマーヴェラス,葛和伸元,高橋悠,1,3,4,Lose,83,100,,13:00,14:48,1470,,代居正巳,瀬戸隆英,池田 勝,Away,154,74,10,48.1,18.50,16,9,0,56.2,5,1.25,99,4,7,21,8.9,77,63.0,0.0,81.8,99
194,70,15,36.1,14.00,26,4,4,15.4,12,2.40,107,4,6,34,11.3,88,75.0,0.0,85.2,588,2011-02-20,2011,02,20,,佐賀県総合体育館,久光製薬スプリングス,岡山シーガルズ,大東雅史,野中俊英,3,2,5,Win,108,94,117,15:25,17:34,2226,,中馬義郎,田野昭彦,副島大輔,Home,194,59,9,30.4,11.80,3,0,1,0.0,9,1.80,95,4,4,12,7.2,99,63.0,0.0,63.6,
194,59,9,30.4,11.80,3,0,1,0.0,9,1.80,95,4,4,12,7.2,99,63.0,0.0,63.6,588,2011-02-20,2011,02,20,,佐賀県総合体育館,岡山シーガルズ,久光製薬スプリングス,河本昭義,吉田啓佑,2,3,5,Lose,94,108,,15:25,17:34,2226,,中馬義郎,田野昭彦,副島大輔,Away,194,70,15,36.1,14.00,26,4,4,15.4,12,2.40,107,4,6,34,11.3,88,75.0,0.0,85.2,117
140,55,7,39.3,13.75,19,10,0,52.6,15,3.75,92,1,9,36,10.7,86,47.0,0.0,54.7,589,2011-02-26,2011,02,26,,川崎市とどろきアリーナ,デンソーエアリービーズ,トヨタ車体クインシーズ,達川実,辻健志,1,3,4,Lose,91,97,100,14:00,15:49,900,,澤達大,新田浩幸,小林智子,Home,139,62,8,44.6,15.50,3,2,0,66.7,14,3.50,96,2,10,37,11.3,83,46.0,0.0,55.4,
139,62,8,44.6,15.50,3,2,0,66.7,14,3.50,96,2,10,37,11.3,83,46.0,0.0,55.4,589,2011-02-26,2011,02,26,,川崎市とどろきアリーナ,トヨタ車体クインシーズ,デンソーエアリービーズ,葛和伸元,高橋悠,3,1,4,Win,97,91,,14:00,15:49,900,,澤達大,新田浩幸,小林智子,Away,140,55,7,39.3,13.75,19,10,0,52.6,15,3.75,92,1,9,36,10.7,86,47.0,0.0,54.7,100
191,59,11,30.9,11.80,3,0,0,0.0,8,1.60,88,0,3,20,5.7,96,46.0,0.0,47.9,590,2011-02-26,2011,02,26,,川崎市とどろきアリーナ,岡山シーガルズ,NECレッドロケッツ,河本昭義,溝田知茂,2,3,5,Lose,88,108,109,16:35,18:36,1200,,村上成司,江下毅,青木好文,Home,175,67,7,38.3,13.40,27,14,1,51.9,13,2.60,108,11,10,41,18.0,85,65.0,0.0,76.5,
175,67,7,38.3,13.40,27,14,1,51.9,13,2.60,108,11,10,41,18.0,85,65.0,0.0,76.5,590,2011-02-26,2011,02,26,,川崎市とどろきアリーナ,NECレッドロケッツ,岡山シーガルズ,山田晃豊,大村悟,3,2,5,Win,108,88,,16:35,18:36,1200,,村上成司,江下毅,青木好文,Away,191,59,11,30.9,11.80,3,0,0,0.0,8,1.60,88,0,3,20,5.7,96,46.0,0.0,47.9,109
144,45,11,31.2,11.25,16,0,2,0.0,7,1.75,78,4,6,17,10.1,74,45.0,0.0,60.8,591,2011-02-26,2011,02,26,,いしかわ総合スポーツセンター,パイオニアレッドウィングス,久光製薬スプリングス,宮下直樹,佐藤浩明,1,3,4,Lose,77,89,87,14:00,15:36,2768,,田野明彦,富田満,宮坂絵理子,Home,145,53,7,36.6,13.25,17,8,0,47.1,7,1.75,88,9,8,26,16.9,70,51.0,0.0,72.9,
145,53,7,36.6,13.25,17,8,0,47.1,7,1.75,88,9,8,26,16.9,70,51.0,0.0,72.9,591,2011-02-26,2011,02,26,,いしかわ総合スポーツセンター,久光製薬スプリングス,パイオニアレッドウィングス,大東雅史,野中俊英,3,1,4,Win,89,77,,14:00,15:36,2768,,田野明彦,富田満,宮坂絵理子,Away,144,45,11,31.2,11.25,16,0,2,0.0,7,1.75,78,4,6,17,10.1,74,45.0,0.0,60.8,87
188,71,13,37.8,14.20,23,8,1,34.8,6,1.20,109,6,5,33,12.2,92,67.0,0.0,72.8,592,2011-02-26,2011,02,26,,いしかわ総合スポーツセンター,東レアローズ,JTマーヴェラス,菅野幸一郎,福田康弘,3,2,5,Win,109,105,114,16:15,18:21,3326,,大塚達也,三見洋子,杉本庄一,Home,184,72,15,39.1,14.40,21,10,3,47.6,6,1.20,105,4,10,24,9.3,103,65.0,0.0,63.1,
184,72,15,39.1,14.40,21,10,3,47.6,6,1.20,105,4,10,24,9.3,103,65.0,0.0,63.1,592,2011-02-26,2011,02,26,,いしかわ総合スポーツセンター,JTマーヴェラス,東レアローズ,石原昭久,尾崎侯,2,3,5,Lose,105,109,,16:15,18:21,3326,,大塚達也,三見洋子,杉本庄一,Away,188,71,13,37.8,14.20,23,8,1,34.8,6,1.20,109,6,5,33,12.2,92,67.0,0.0,72.8,114
174,67,7,38.5,13.40,14,9,2,64.3,11,2.20,110,7,6,44,15.6,95,71.0,0.0,74.7,593,2011-02-27,2011,02,27,,川崎市とどろきアリーナ,デンソーエアリービーズ,岡山シーガルズ,達川実,辻健志,3,2,5,Win,111,97,118,13:00,15:10,800,,村上成司,新田浩幸,松本博臣,Home,193,68,15,35.2,13.60,4,1,0,25.0,9,1.80,98,1,3,23,6.7,101,53.0,0.0,52.5,
193,68,15,35.2,13.60,4,1,0,25.0,9,1.80,98,1,3,23,6.7,101,53.0,0.0,52.5,593,2011-02-27,2011,02,27,,川崎市とどろきアリーナ,岡山シーガルズ,デンソーエアリービーズ,河本昭義,吉田啓佑,2,3,5,Lose,97,111,,13:00,15:10,800,,村上成司,新田浩幸,松本博臣,Away,174,67,7,38.5,13.40,14,9,2,64.3,11,2.20,110,7,6,44,15.6,95,71.0,0.0,74.7,118
132,57,9,43.2,14.25,4,1,2,25.0,4,1.00,76,2,6,27,11.2,82,48.0,0.0,58.5,594,2011-02-27,2011,02,27,,川崎市とどろきアリーナ,トヨタ車体クインシーズ,NECレッドロケッツ,葛和伸元,高橋悠,1,3,4,Lose,75,91,90,15:55,17:34,1600,,江下毅,澤達大,成茂芳夫,Home,128,63,4,49.2,15.75,16,4,2,25.0,10,2.50,90,1,8,33,10.1,69,41.0,0.0,59.4,
128,63,4,49.2,15.75,16,4,2,25.0,10,2.50,90,1,8,33,10.1,69,41.0,0.0,59.4,594,2011-02-27,2011,02,27,,川崎市とどろきアリーナ,NECレッドロケッツ,トヨタ車体クインシーズ,山田晃豊,大村悟,3,1,4,Win,91,75,,15:55,17:34,1600,,江下毅,澤達大,成茂芳夫,Away,132,57,9,43.2,14.25,4,1,2,25.0,4,1.00,76,2,6,27,11.2,82,48.0,0.0,58.5,90
125,32,7,25.6,10.67,20,7,3,35.0,6,2.00,60,1,7,17,8.4,64,38.0,0.0,59.4,595,2011-02-27,2011,02,27,,いしかわ総合スポーツセンター,パイオニアレッドウィングス,JTマーヴェラス,宮下直樹,佐藤浩明,0,3,3,Lose,58,75,73,13:00,14:19,2304,,富田満,大塚達也,宮坂絵理子,Home,135,50,11,37.0,16.67,30,6,6,20.0,5,1.67,73,3,7,25,12.4,53,35.0,0.0,66.0,
135,50,11,37.0,16.67,30,6,6,20.0,5,1.67,73,3,7,25,12.4,53,35.0,0.0,66.0,595,2011-02-27,2011,02,27,,いしかわ総合スポーツセンター,JTマーヴェラス,パイオニアレッドウィングス,石原昭久,尾崎侯,3,0,3,Win,75,58,,13:00,14:19,2304,,富田満,大塚達也,宮坂絵理子,Away,125,32,7,25.6,10.67,20,7,3,35.0,6,2.00,60,1,7,17,8.4,64,38.0,0.0,59.4,73
151,59,7,39.1,14.75,23,10,1,43.5,14,3.50,96,5,7,25,11.1,68,39.0,0.0,57.4,596,2011-02-27,2011,02,27,,いしかわ総合スポーツセンター,東レアローズ,久光製薬スプリングス,菅野幸一郎,福田康弘,3,1,4,Win,97,72,88,15:00,16:37,2885,,三見洋子,田野昭彦,橋場薫,Home,144,44,10,30.6,11.00,24,9,3,37.5,6,1.50,73,3,4,27,12.8,87,59.0,0.0,67.8,
144,44,10,30.6,11.00,24,9,3,37.5,6,1.50,73,3,4,27,12.8,87,59.0,0.0,67.8,596,2011-02-27,2011,02,27,,いしかわ総合スポーツセンター,久光製薬スプリングス,東レアローズ,大東雅史,野中俊英,1,3,4,Lose,72,97,,15:00,16:37,2885,,三見洋子,田野昭彦,橋場薫,Away,151,59,7,39.1,14.75,23,10,1,43.5,14,3.50,96,5,7,25,11.1,68,39.0,0.0,57.4,88
197,61,10,31.0,15.25,26,8,2,30.8,9,2.25,90,6,7,18,10.6,94,68.0,0.0,72.3,597,2011-03-05,2011,03,05,,大阪市中央体育館,NECレッドロケッツ,久光製薬スプリングス,山田晃豊,大村悟,1,3,4,Lose,89,98,102,14:00,15:51,2200,,田野敏彦,西中野健,中村滉伊知,Home,180,68,7,37.8,17.00,19,5,2,26.3,8,2.00,97,1,2,26,7.7,82,59.0,0.0,72.0,
180,68,7,37.8,17.00,19,5,2,26.3,8,2.00,97,1,2,26,7.7,82,59.0,0.0,72.0,597,2011-03-05,2011,03,05,,大阪市中央体育館,久光製薬スプリングス,NECレッドロケッツ,大東雅史,野中俊英,3,1,4,Win,98,89,,14:00,15:51,2200,,田野敏彦,西中野健,中村滉伊知,Away,197,61,10,31.0,15.25,26,8,2,30.8,9,2.25,90,6,7,18,10.6,94,68.0,0.0,72.3,102
178,68,13,38.2,13.60,25,7,4,28.0,14,2.80,102,0,5,15,3.7,80,61.0,0.0,76.2,598,2011-03-05,2011,03,05,,大阪市中央体育館,JTマーヴェラス,デンソーエアリービーズ,石原昭久,尾﨑侯,2,3,5,Lose,101,91,100,16:25,18:17,2500,,北村友香,塚本健,和佐田信行,Home,181,65,8,35.9,13.00,15,6,1,40.0,7,1.40,90,0,10,19,5.3,97,82.0,0.0,84.5,
181,65,8,35.9,13.00,15,6,1,40.0,7,1.40,90,0,10,19,5.3,97,82.0,0.0,84.5,598,2011-03-05,2011,03,05,,大阪市中央体育館,デンソーエアリービーズ,JTマーヴェラス,達川実,辻健志,3,2,5,Win,91,101,,16:25,18:17,2500,,北村友香,塚本健,和佐田信行,Away,178,68,13,38.2,13.60,25,7,4,28.0,14,2.80,102,0,5,15,3.7,80,61.0,0.0,76.2,100
125,53,5,42.4,17.67,0,0,0,-,9,3.00,74,5,7,17,11.7,59,47.0,0.0,79.7,599,2011-03-05,2011,03,05,,愛媛県武道館,トヨタ車体クインシーズ,岡山シーガルズ,葛和伸元,高橋悠,3,0,3,Win,75,60,82,14:00,15:28,2100,,石井洋壮,門田典久,渡部一行,Home,132,41,6,31.1,13.67,1,0,0,0.0,6,2.00,61,1,2,11,5.8,65,45.0,0.0,69.2,
132,41,6,31.1,13.67,1,0,0,0.0,6,2.00,61,1,2,11,5.8,65,45.0,0.0,69.2,599,2011-03-05,2011,03,05,,愛媛県武道館,岡山シーガルズ,トヨタ車体クインシーズ,河本昭義,溝田知茂,0,3,3,Lose,60,75,,14:00,15:28,2100,,石井洋壮,門田典久,渡部一行,Away,125,53,5,42.4,17.67,0,0,0,-,9,3.00,74,5,7,17,11.7,59,47.0,0.0,79.7,82
177,65,8,36.7,13.00,25,12,1,48.0,11,2.20,107,2,8,28,8.2,92,64.0,0.0,69.6,600,2011-03-05,2011,03,05,,愛媛県武道館,東レアローズ,パイオニアレッドウィングス,菅野幸一郎,福田康弘,3,2,5,Win,108,98,110,16:05,18:07,2600,,田野昭彦,江下毅,田中一美,Home,185,71,19,38.4,14.20,24,9,6,37.5,7,1.40,99,3,6,26,9.2,98,69.0,0.0,70.4,
185,71,19,38.4,14.20,24,9,6,37.5,7,1.40,99,3,6,26,9.2,98,69.0,0.0,70.4,600,2011-03-05,2011,03,05,,愛媛県武道館,パイオニアレッドウィングス,東レアローズ,宮下直樹,佐藤浩明,2,3,5,Lose,98,108,,16:05,18:07,2600,,田野昭彦,江下毅,田中一美,Away,177,65,8,36.7,13.00,25,12,1,48.0,11,2.20,107,2,8,28,8.2,92,64.0,0.0,69.6,110
154,61,8,39.6,15.25,15,6,3,40.0,5,1.25,83,2,7,13,6.1,89,61.0,0.0,68.5,601,2011-03-06,2011,03,06,,大阪市中央体育館,デンソーエアリービーズ,NECレッドロケッツ,達川実,辻健志,1,3,4,Lose,82,97,93,13:00,14:42,2200,,田野敏彦,西中野健,東勝彦,Home,135,60,9,44.4,15.00,18,10,2,55.6,14,3.50,96,7,3,25,13.2,75,61.0,0.0,81.3,
135,60,9,44.4,15.00,18,10,2,55.6,14,3.50,96,7,3,25,13.2,75,61.0,0.0,81.3,601,2011-03-06,2011,03,06,,大阪市中央体育館,NECレッドロケッツ,デンソーエアリービーズ,山田晃豊,大村悟,3,1,4,Win,97,82,,13:00,14:42,2200,,田野敏彦,西中野健,東勝彦,Away,154,61,8,39.6,15.25,15,6,3,40.0,5,1.25,83,2,7,13,6.1,89,61.0,0.0,68.5,93
183,67,14,36.6,16.75,23,6,2,26.1,11,2.75,96,2,3,21,7.1,92,71.0,0.0,77.2,602,2011-03-06,2011,03,06,,大阪市中央体育館,JTマーヴェラス,久光製薬スプリングス,石原昭久,尾崎侯,3,1,4,Win,97,97,103,15:16,17:08,2850,,塚本健,北村友香,和佐田信行,Home,179,73,11,40.8,18.25,18,7,1,38.9,4,1.00,98,1,5,21,6.4,93,70.0,0.0,75.3,
179,73,11,40.8,18.25,18,7,1,38.9,4,1.00,98,1,5,21,6.4,93,70.0,0.0,75.3,602,2011-03-06,2011,03,06,,大阪市中央体育館,久光製薬スプリングス,JTマーヴェラス,大東雅史,野中俊英,1,3,4,Lose,97,97,,15:16,17:08,2850,,塚本健,北村友香,和佐田信行,Away,183,67,14,36.6,16.75,23,6,2,26.1,11,2.75,96,2,3,21,7.1,92,71.0,0.0,77.2,103
168,72,4,42.9,14.40,0,0,0,-,10,2.00,110,4,8,23,8.1,86,63.0,0.0,73.3,603,2011-03-06,2011,03,06,,愛媛県武道館,トヨタ車体クインシーズ,パイオニアレッドウィングス,葛和伸元,高橋悠,3,2,5,Win,110,97,124,13:00,15:16,1900,,石井洋壮,田野昭彦,田中優子,Home,188,69,13,36.7,13.80,21,10,3,47.6,11,2.20,97,2,10,22,7.5,102,75.0,0.0,73.5,
188,69,13,36.7,13.80,21,10,3,47.6,11,2.20,97,2,10,22,7.5,102,75.0,0.0,73.5,603,2011-03-06,2011,03,06,,愛媛県武道館,パイオニアレッドウィングス,トヨタ車体クインシーズ,宮下直樹,佐藤浩明,2,3,5,Lose,97,110,,13:00,15:16,1900,,石井洋壮,田野昭彦,田中優子,Away,168,72,4,42.9,14.40,0,0,0,-,10,2.00,110,4,8,23,8.1,86,63.0,0.0,73.3,124
125,55,6,44.0,18.33,18,7,0,38.9,5,1.67,74,7,3,27,16.7,50,43.0,0.0,86.0,604,2011-03-06,2011,03,06,,愛媛県武道館,東レアローズ,岡山シーガルズ,菅野幸一郎,福田康弘,3,0,3,Win,75,54,73,15:55,17:13,2500,,江下毅,門田典久,大村祥夫,Home,137,37,3,27.0,12.33,3,0,0,0.0,4,1.33,55,2,3,7,6.8,71,37.0,0.0,52.1,
137,37,3,27.0,12.33,3,0,0,0.0,4,1.33,55,2,3,7,6.8,71,37.0,0.0,52.1,604,2011-03-06,2011,03,06,,愛媛県武道館,岡山シーガルズ,東レアローズ,河本昭義,溝田知茂,0,3,3,Lose,54,75,,15:55,17:13,2500,,江下毅,門田典久,大村祥夫,Away,125,55,6,44.0,18.33,18,7,0,38.9,5,1.67,74,7,3,27,16.7,50,43.0,0.0,86.0,73
